% Appendix I
A = [0.4788    0.0662    0.0616    0.0394   -0.1161   -0.0244   -0.0103   -0.0451   -0.1327    0.0904   -0.0022    0.0349    0.0148    0.0369    0.0560    0.0836   -0.0456   -0.1205    0.1462    0.0351
    0.0662    0.5064    0.0392   -0.0474    0.1194    0.0796    0.0489   -0.1040    0.1200   -0.0293   -0.0074    0.0006   -0.0503   -0.0892   -0.1179   -0.0491   -0.0348   -0.0667    0.0858    0.0215
    0.0616    0.0392    0.5402   -0.0045    0.0647   -0.0606    0.0128   -0.0019   -0.0636    0.1054   -0.1389    0.1145   -0.0198   -0.0107    0.0233   -0.0059    0.0258   -0.0950   -0.0608   -0.0083
    0.0394   -0.0474   -0.0045    0.4234    0.0793   -0.0521   -0.0189   -0.0781    0.1109   -0.0144   -0.1421   -0.0937   -0.0028   -0.0025   -0.0315    0.0642    0.0642    0.0345    0.0200   -0.1267
   -0.1161    0.1194    0.0647    0.0793    0.4756    0.0469   -0.0724    0.1102    0.1142    0.1431    0.0606   -0.0576    0.0758    0.0041   -0.1039   -0.0225   -0.0749    0.0313   -0.0798    0.0328
   -0.0244    0.0796   -0.0606   -0.0521    0.0469    0.4805    0.0523    0.0500   -0.0417   -0.1175    0.0788    0.0384    0.0113    0.1210    0.0397    0.1154    0.0663   -0.0340    0.0155   -0.2140
   -0.0103    0.0489    0.0128   -0.0189   -0.0724    0.0523    0.4843   -0.1235   -0.0122    0.0402   -0.0083   -0.1307    0.1484   -0.0441    0.0579    0.0936    0.0602   -0.0424   -0.1910   -0.0303
   -0.0451   -0.1040   -0.0019   -0.0781    0.1102    0.0500   -0.1235    0.4782   -0.1256   -0.0472    0.0494   -0.0818   -0.0359   -0.0644    0.0085    0.1003   -0.0477   -0.0564    0.0288    0.0067
   -0.1327    0.1200   -0.0636    0.1109    0.1142   -0.0417   -0.0122   -0.1256    0.4291   -0.0477    0.1481    0.0375   -0.0380   -0.0441    0.0099    0.0498   -0.0149    0.0673    0.0055    0.0154
    0.0904   -0.0293    0.1054   -0.0144    0.1431   -0.1175    0.0402   -0.0472   -0.0477    0.5117    0.1456   -0.0317    0.0037   -0.0206    0.0969   -0.0446   -0.1018    0.0930   -0.0552   -0.0268
   -0.0022   -0.0074   -0.1389   -0.1421    0.0606    0.0788   -0.0083    0.0494    0.1481    0.1456    0.5259   -0.0192   -0.0642   -0.0425    0.0868   -0.0645   -0.0583   -0.0769    0.0080   -0.0409
    0.0349    0.0006    0.1145   -0.0937   -0.0576    0.0384   -0.1307   -0.0818    0.0375   -0.0317   -0.0192    0.5525    0.0679   -0.0243    0.0584    0.0011   -0.0271    0.0424   -0.1068   -0.0052
    0.0148   -0.0503   -0.0198   -0.0028    0.0758    0.0113    0.1484   -0.0359   -0.0380    0.0037   -0.0642    0.0679    0.6003   -0.0784    0.0331    0.0597   -0.1993    0.0915   -0.0550    0.0206
    0.0369   -0.0892   -0.0107   -0.0025    0.0041    0.1210   -0.0441   -0.0644   -0.0441   -0.0206   -0.0425   -0.0243   -0.0784    0.5693    0.0227    0.0266   -0.1020   -0.0270   -0.0858    0.0521
    0.0560   -0.1179    0.0233   -0.0315   -0.1039    0.0397    0.0579    0.0085    0.0099    0.0969    0.0868    0.0584    0.0331    0.0227    0.4189    0.2231    0.0694   -0.0184    0.0217    0.0263
    0.0836   -0.0491   -0.0059    0.0642   -0.0225    0.1154    0.0936    0.1003    0.0498   -0.0446   -0.0645    0.0011    0.0597    0.0266    0.2231    0.4839    0.0264    0.0666    0.0456    0.0960
   -0.0456   -0.0348    0.0258    0.0642   -0.0749    0.0663    0.0602   -0.0477   -0.0149   -0.1018   -0.0583   -0.0271   -0.1993   -0.1020    0.0694    0.0264    0.5250   -0.0544    0.0362   -0.0205
   -0.1205   -0.0667   -0.0950    0.0345    0.0313   -0.0340   -0.0424   -0.0564    0.0673    0.0930   -0.0769    0.0424    0.0915   -0.0270   -0.0184    0.0666   -0.0544    0.3642    0.0663   -0.0556
    0.1462    0.0858   -0.0608    0.0200   -0.0798    0.0155   -0.1910    0.0288    0.0055   -0.0552    0.0080   -0.1068   -0.0550   -0.0858    0.0217    0.0456    0.0362    0.0663    0.4371   -0.0339
0.0351    0.0215   -0.0083   -0.1267    0.0328   -0.2140   -0.0303    0.0067    0.0154   -0.0268   -0.0409   -0.0052    0.0206    0.0521    0.0263    0.0960   -0.0205   -0.0556   -0.0339    0.5661];

b = [0.8147    0.9058    0.1270    0.9134    0.6324    0.0975    0.2785    0.5469    0.9575    0.9649    0.1576    0.9706    0.9572    0.4854    0.8003    0.1419    0.4218    0.9157    0.7922    0.9595]’;
c = 0;
x0 = [0.0000    0.0000    0.0000    0.0000    0.0000    0.0000    0.0000    0.0000    0.0000    0.0000    0.0000    0.0000    0.0000    0.0000    0.0000    0.0000    0.0000    0.0000    0.0000    0.0000]’;

Outputs:
FindMinimizer
CGM:
x0 =     0.000000    0.000000    0.000000    0.000000    0.000000    0.000000    0.000000    0.000000    0.000000    0.000000    0.000000    0.000000    0.000000    0.000000    0.000000    0.000000    0.000000    0.000000    0.000000    0.000000
x1 =     1.751076    1.946882    0.272968    1.963217    1.359249    0.209562    0.598594    1.175480    2.058003    2.073908    0.338738    2.086160    2.057358    1.043295    1.720125    0.304993    0.906596    1.968160    1.702716    2.062302
x2 =     2.634616    4.463551   -0.820468    6.180700   -0.500696    1.828056    3.741554    8.458887    3.495208    3.050755    0.313678    5.143343    2.813349    5.611561    2.280494   -6.599155    6.903051    4.851730    4.840355    4.790120
x3 =     2.356724    5.090834   -0.542010    8.040527   -2.943384    1.529065    7.830557   13.373946    4.274013    4.756898    0.666738    6.948213    5.187654    7.475300    2.562374  -11.336242    6.725884    6.718711    4.881084    6.568551
x4 =     2.097940    6.204711    0.479607   10.385391   -6.342540    2.175835   10.021046   16.615550    6.462129    4.837329    0.921905    7.517146    4.184793    7.472562    3.134542  -12.637652    5.052876    7.515439    6.373892    7.333578
x5 =     1.317355    6.118517    1.397405   11.558992   -6.735232    3.548664   10.086100   17.086301    6.822357    5.419214    0.479815    7.896558    3.484835    7.783492    2.843510  -13.312252    4.173027    7.756255    6.286487    8.457009
x6 =     0.665572    5.259870    1.505504   13.248666   -8.271782    6.792059   10.616203   17.023131    6.521023    6.771480    0.352558    7.907304    3.227080    6.518804    2.921829  -14.368672    3.477395    7.903492    6.910875   10.958121
x7 =     0.685722    5.292396    1.468241   13.467778   -8.315393    7.007903   10.482509   16.963169    6.669809    6.889510    0.376156    7.912408    3.248467    6.154049    2.720217  -14.807327    3.310067    7.785635    7.048891   11.241651
x8 =     0.878871    5.100339    1.476500   13.549094   -8.346955    7.152500   10.410499   17.004624    6.869036    6.827893    0.224742    7.941354    3.354121    6.113515    2.788700  -14.943091    3.267471    7.538629    6.989492   11.295262
x9 =     0.988314    4.881668    1.374080   13.410609   -8.268778    7.378608   10.409271   17.096578    7.331249    6.979280    0.010043    7.763246    3.331604    6.034447    2.912311  -15.130629    3.268613    7.427040    6.894158   11.267323
x10 =     1.331543    4.644630    1.323303   12.938275   -8.329827    7.661886   10.370028   17.183224    7.924422    7.234946   -0.690923    7.601032    3.260318    5.879717    3.013339  -15.433273    3.260689    7.401803    6.856174   11.325509
x11 =     1.369328    4.635354    1.286427   12.885335   -8.329847    7.735880   10.364044   17.209919    7.973456    7.228399   -0.727760    7.618025    3.275946    5.873767    2.974448  -15.435701    3.235583    7.424589    6.847648   11.306451
x12 =     1.422252    4.606782    1.285938   12.880447   -8.336307    7.744200   10.377048   17.225293    8.001229    7.244969   -0.721395    7.621320    3.256809    5.861428    2.912739  -15.414983    3.251979    7.439557    6.816072   11.316035
x13 =     1.420341    4.598798    1.295795   12.878689   -8.344102    7.745132   10.371731   17.221974    8.011688    7.241378   -0.717736    7.615071    3.266990    5.862920    2.903055  -15.413173    3.259453    7.448839    6.817078   11.317058
x14 =     1.423215    4.600187    1.304606   12.873236   -8.349345    7.748919   10.366117   17.223282    8.014095    7.243270   -0.710785    7.608513    3.271885    5.866401    2.899632  -15.412996    3.262355    7.448642    6.816519   11.318117
x15 =     1.424032    4.615876    1.307867   12.876705   -8.365406    7.753214   10.350643   17.226232    8.017491    7.248861   -0.711100    7.594376    3.284023    5.866654    2.896092  -15.408668    3.270647    7.450752    6.797664   11.317272
x16 =     1.423812    4.621835    1.306978   12.877334   -8.378662    7.753449   10.333411   17.230380    8.019791    7.254646   -0.708307    7.589642    3.289613    5.867011    2.896698  -15.406352    3.274837    7.454386    6.784825   11.317675
x17 =     1.423842    4.621956    1.307158   12.877321   -8.378878    7.753591   10.333412   17.230071    8.019890    7.254776   -0.708161    7.589969    3.289566    5.866924    2.896820  -15.406517    3.275013    7.454438    6.784575   11.317338
x18 =     1.424274    4.621949    1.307330   12.877417   -8.378692    7.753692   10.333365   17.230007    8.019723    7.254299   -0.708011    7.589701    3.289395    5.866781    2.897204  -15.406849    3.274866    7.455070    6.784249   11.317375
x19 =     1.424322    4.621977    1.307367   12.877384   -8.378651    7.753712   10.333375   17.230002    8.019723    7.254149   -0.707964    7.589682    3.289353    5.866724    2.897294  -15.406901    3.274866    7.455173    6.784144   11.317460
x20 =     1.424321    4.621976    1.307368   12.877384   -8.378650    7.753713   10.333375   17.230005    8.019722    7.254149   -0.707964    7.589683    3.289353    5.866722    2.897295  -15.406901    3.274867    7.455173    6.784144   11.317459

Find the minimizer!
x20 =     1.424321    4.621976    1.307368   12.877384   -8.378650    7.753713   10.333375   17.230005    8.019722    7.254149   -0.707964    7.589683    3.289353    5.866722    2.897295  -15.406901    3.274867    7.455173    6.784144   11.317459
error =     0.000000

NM:
x0 =     0.000000    0.000000    0.000000    0.000000    0.000000    0.000000    0.000000    0.000000    0.000000    0.000000    0.000000    0.000000    0.000000    0.000000    0.000000    0.000000    0.000000    0.000000    0.000000    0.000000
x1 =     1.424321    4.621976    1.307368   12.877384   -8.378650    7.753713   10.333375   17.230005    8.019722    7.254149   -0.707964    7.589683    3.289353    5.866722    2.897295  -15.406901    3.274867    7.455173    6.784144   11.317459

Find the minimizer!
x1 =     1.424321    4.621976    1.307368   12.877384   -8.378650    7.753713   10.333375   17.230005    8.019722    7.254149   -0.707964    7.589683    3.289353    5.866722    2.897295  -15.406901    3.274867    7.455173    6.784144   11.317459
error =     0.000000

SD:
x0 =     0.000000    0.000000    0.000000    0.000000    0.000000    0.000000    0.000000    0.000000    0.000000    0.000000    0.000000    0.000000    0.000000    0.000000    0.000000    0.000000    0.000000    0.000000    0.000000    0.000000
x1 =     1.751076    1.946882    0.272968    1.963217    1.359249    0.209562    0.598594    1.175480    2.058003    2.073908    0.338738    2.086160    2.057358    1.043295    1.720125    0.304993    0.906596    1.968160    1.702716    2.062302
x2 =     1.152205    1.952059   -0.358818    2.703025   -0.218971    0.799470    1.636306    3.699353    1.528571    1.334197    0.137182    2.249355    1.230371    2.454122    0.997336   -2.886030    3.018934    2.121823    2.116848    2.094879
x3 =     1.764846    2.688204    0.088690    3.580251   -0.083324    0.488132    2.852216    4.726684    2.581140    2.824336    0.443004    3.388049    3.000673    2.802675    1.862248   -3.173296    2.274600    3.256858    2.395758    3.274177
x4 =     1.552079    3.079661   -0.178677    4.538716   -1.339407    1.196950    3.279265    6.428706    2.800437    2.154777    0.312207    3.506680    1.840927    3.582045    1.616259   -4.757383    3.659513    3.391845    3.298820    3.342898
x5 =     1.694484    3.329414    0.223435    5.058152   -1.359070    0.989172    4.359946    7.257677    3.283505    3.326297    0.467171    4.294685    3.240649    3.893487    2.018262   -5.381282    2.864749    4.160384    3.102945    4.253532
x6 =     1.626061    3.706874    0.011731    5.942842   -2.416133    1.695875    4.657328    8.520087    3.590897    2.846502    0.404155    4.384708    2.277342    4.337753    1.950692   -6.428456    3.907676    4.288146    4.013368    4.412228
x7 =     1.633014    3.829355    0.376805    6.362641   -2.440977    1.598364    5.505615    9.171745    3.913494    3.798907    0.484834    4.999237    3.357059    4.590312    2.171227   -7.056011    3.195672    4.863476    3.758468    5.182197
x8 =     1.596617    4.106927    0.202860    7.120927   -3.347671    2.270353    5.747144   10.150811    4.177684    3.440227    0.436633    5.057395    2.569280    4.871658    2.163473   -7.841936    4.004545    4.956974    4.539187    5.370796
x9 =     1.561606    4.185751    0.519412    7.478231   -3.361408    2.239001    6.408975   10.657594    4.437542    4.234062    0.485383    5.547142    3.419005    5.049333    2.296104   -8.404522    3.379490    5.407068    4.309452    6.031753
x10 =     1.537124    4.375538    0.379572    8.116170   -4.138897    2.859741    6.607778   11.432192    4.650045    3.955773    0.432686    5.583867    2.768526    5.240528    2.313601   -9.018973    4.018676    5.468845    4.956909    6.223391
x11 =     1.487535    4.432466    0.646877    8.419437   -4.141068    2.866486    7.129025   11.828930    4.874870    4.624636    0.465698    5.975561    3.447358    5.356980    2.394961   -9.510822    3.474462    5.828234    4.761980    6.788623
x12 =     1.472961    4.557075    0.535582    8.951901   -4.807309    3.427189    7.293042   12.449508    5.045415    4.403959    0.404538    5.998706    2.907231    5.492136    2.425225   -9.999432    3.986889    5.866076    5.295795    6.971196
x13 =     1.419145    4.600265    0.758127    9.207031   -4.799543    3.455478    7.707219   12.763673    5.245836    4.970075    0.428288    6.312550    3.454957    5.564549    2.473709  -10.426757    3.515870    6.156576    5.131984    7.451625
x14 =     1.414329    4.678288    0.669773    9.649317   -5.370257    3.953840    7.843169   13.265653    5.384411    4.792858    0.359808    6.327021    3.005322    5.662553    2.510893  -10.819016    3.931513    6.177482    5.572274    7.619668
x15 =     1.361132    4.711986    0.853503    9.862279   -5.354723    3.993577    8.174510   13.517369    5.565500    5.272958    0.377269    6.578925    3.450339    5.704659    2.537390  -11.189762    3.525759    6.414327    5.434496    8.025926
x16 =     1.365242    4.757101    0.783316   10.228393   -5.843484    4.431574    8.287876   13.926641    5.679830    5.129556    0.303982    6.587776    3.075645    5.777159    2.578116  -11.506744    3.866094    6.423626    5.798200    8.177349
x17 =     1.315141    4.783938    0.934183   10.405073   -5.822383    4.476497    8.554306   14.130472    5.844379    5.537110    0.316764    6.790276    3.439053    5.798804    2.589701  -11.828374    3.517862    6.617983    5.682022    8.519590
x18 =     1.326735    4.805995    0.878314   10.707341   -6.240870    4.858470    8.649400   14.466384    5.940098    5.420512    0.241241    6.795442    3.126683    5.853385    2.631766  -12.085829    3.798642    6.619529    5.982910    8.654128
x19 =     1.280949    4.827720    1.001747   10.853228   -6.216166    4.904718    8.864470   14.632950    6.089840    5.766705    0.250363    6.958429    3.424607    5.861406    2.633272  -12.364902    3.500632    6.779825    5.884703    8.941691
x20 =     1.298353    4.833801    0.957157   11.102278   -6.574431    5.236071    8.944640   14.910200    6.171015    5.671602    0.174800    6.961148    3.164140    5.903147    2.675161  -12.574883    3.733675    6.776339    6.133940    9.060062
x21 =     1.257364    4.851611    1.057895   11.222291   -6.547741    5.281317    9.118775   15.047357    6.307172    5.965836    0.180996    7.092458    3.409148    5.902252    2.669975  -12.817067    3.479186    6.909072    6.050742    9.301279
x22 =     1.278942    4.846823    1.022198   11.427170   -6.854431    5.567728    9.186626   15.277273    6.376761    5.888097    0.107105    7.093530    3.191909    5.934618    2.710643  -12.988941    3.673549    6.902451    6.257417    9.404699
x23 =     1.242791    4.861561    1.104279   11.525598   -6.827015    5.610636    9.327954   15.390928    6.500310    6.138317    0.110953    7.199392    3.393939    5.928037    2.701162  -13.199122    3.456546    7.012715    6.186789    9.606843
x24 =     1.267091    4.849590    1.075608   11.693934   -7.089565    5.857612    9.385536   15.582352    6.560490    6.074668    0.039984    7.199340    3.212685    5.953432    2.739907  -13.340244    3.619297    7.004266    6.358334    9.696740
x25 =     1.235562    4.861862    1.142419   11.774452   -7.062356    5.897475    9.500457   15.677019    6.672301    6.287600    0.041957    7.284725    3.379675    5.943383    2.727836  -13.522640    3.434432    7.096110    6.298255    9.866068
x26 =     1.261373    4.845367    1.119311   11.912629   -7.287152    6.110122    9.549410   15.836935    6.724703    6.235420   -0.025239    7.283897    3.228362    5.963506    2.764214  -13.638834    3.571169    7.086726    6.440766    9.943915
x27 =     1.234111    4.855627    1.173662   11.978348   -7.260808    6.146633    9.643002   15.916119    6.825601    6.416753   -0.024742    7.352785    3.366696    5.951506    2.750757  -13.797095    3.413763    7.163400    6.389553   10.085752
x28 =     1.260467    4.836514    1.154970   12.091686   -7.453327    6.329560    9.684658   16.050097    6.871472    6.373926   -0.087638    7.351418    3.240286    5.967577    2.784518  -13.893006    3.528975    7.153682    6.508046   10.152972
x29 =     1.237053    4.845111    1.199176   12.145215   -7.428288    6.362661    9.760978   16.116559    6.962259    6.528478   -0.088280    7.407002    3.355128    5.954660    2.770517  -14.030300    3.394969    7.217818    6.464295   10.271816
x30 =     1.263216    4.824739    1.184000   12.238123   -7.593221    6.519949    9.796434   16.229086    7.002572    6.493287   -0.146599    7.405262    3.249425    5.967573    2.801556  -14.109647    3.492291    7.208163    6.562900   10.329736
x31 =     1.243216    4.831947    1.219957   12.281639   -7.569758    6.549733    9.858735   16.285027    7.084036    6.625128   -0.148098    7.450109    3.344965    5.954433    2.787590  -14.228727    3.378189    7.261906    6.525443   10.429367
x32 =     1.268643    4.811270    1.207589   12.357766   -7.711119    6.684959    9.888908   16.379743    7.119565    6.596179   -0.201754    7.448115    3.256484    5.964857    2.815905  -14.294509    3.460587    7.252569    6.607567   10.479193
x33 =     1.251630    4.817314    1.236846   12.393073   -7.689376    6.711604    9.939808   16.426938    7.192476    6.708752   -0.203875    7.484293    3.336132    5.951951    2.802361  -14.397771    3.363398    7.297678    6.575424   10.562776
x34 =     1.275942    4.796987    1.226727   12.455427   -7.810594    6.827875    9.965473   16.506814    7.223848    6.684907   -0.252922    7.482134    3.261981    5.960395    2.828026  -14.452410    3.433307    7.288817    6.643880   10.605586
x35 =     1.261521    4.802052    1.250545   12.484020   -7.790623    6.851603   10.007089   16.546709    7.288950    6.781121   -0.255470    7.511308    3.328519    5.948017    2.815151  -14.541939    3.350481    7.326736    6.616236   10.675764
x36 =     1.284467    4.782513    1.242235   12.535078   -7.894629    6.951604   10.028901   16.614185    7.316688    6.761456   -0.300059    7.509053    3.266297    5.954873    2.838289  -14.587403    3.409908    7.318440    6.673346   10.712513
x37 =     1.272277    4.786754    1.261637   12.558187   -7.876416    6.972660   10.062945   16.647964    7.374692    6.843769   -0.302877    7.532569    3.321998    5.943201    2.826230  -14.665013    3.339275    7.350362    6.649518   10.771492
x38 =     1.293708    4.768280    1.254787   12.599986   -7.965708    7.058699   10.081466   16.705054    7.399235    6.827528   -0.343225    7.530272    3.269717    5.948776    2.846996  -14.702903    3.389886    7.342676    6.697204   10.803016
x39 =     1.283428    4.771830    1.270605   12.618625   -7.949195    7.077331   10.109329   16.733696    7.450815    6.898018   -0.346188    7.549214    3.316443    5.937908    2.835828  -14.770173    3.329604    7.369587    6.676621   10.852632
x40 =     1.303274    4.754582    1.264937   12.652837   -8.025906    7.151392   10.125038   16.782067    7.472537    6.884584   -0.382554    7.546916    3.272455    5.942445    2.854394  -14.801799    3.372781    7.362522    6.716472   10.879660
x41 =     1.294618    4.757550    1.277844   12.667838   -8.011008    7.167838   10.147851   16.806383    7.518325    6.945010   -0.385564    7.562163    3.311732    5.932423    2.844142  -14.860102    3.321293    7.385240    6.698655   10.921445
x42 =     1.312866    4.741606    1.273138   12.695835   -8.076954    7.231622   10.161160   16.847421    7.537551    6.933879   -0.418228    7.559898    3.274669    5.936118    2.860687  -14.886536    3.358188    7.378787    6.731987   10.944610
x43 =     1.305590    4.744088    1.283680   12.707880   -8.063568    7.246110   10.179842   16.868087    7.578133    6.985728   -0.421210    7.572158    3.307753    5.926946    2.851343  -14.937064    3.314172    7.397992    6.716534   10.979838
x44 =     1.322268    4.729467    1.279758   12.730789   -8.120301    7.301073   10.191105   16.902946    7.595146    6.976491   -0.450461    7.569951    3.276480    5.929956    2.866046  -14.959186    3.345748    7.392129    6.744437   10.999688
x45 =     1.316158    4.731542    1.288379   12.740435   -8.108314    7.313814   10.206406   16.920528    7.631063    7.021023   -0.453360    7.579798    3.304403    5.921613    2.857577  -15.002976    3.308087    7.408385    6.731011   11.029420
x46 =     1.331325    4.718222    1.285100   12.759177   -8.157156    7.361201   10.215927   16.950173    7.646113    7.013343   -0.479486    7.577669    3.277980    5.924064    2.870613  -15.021512    3.335152    7.403082    6.754388   11.046428
x47 =     1.326198    4.719957    1.292157   12.766881   -8.146453    7.372390   10.228459   16.965144    7.677862    7.051626   -0.482262    7.585567    3.301594    5.916513    2.862974  -15.059463    3.302900    7.416860    6.742703   11.071549
x48 =     1.339931    4.707887    1.289408   12.782213   -8.188531    7.413270   10.236497   16.990384    7.691167    7.045229   -0.505544    7.583531    3.279238    5.918509    2.874508  -15.075012    3.326130    7.412080    6.762304   11.086121
x49 =     1.335631    4.709340    1.295192   12.788346   -8.179000    7.423083   10.246761   17.003143    7.719200    7.078169   -0.508170    7.589856    3.299245    5.911704    2.867644  -15.107903    3.298486    7.423773    6.752119   11.107370
x50 =     1.348020    4.698454    1.292880   12.800887   -8.215277    7.458368   10.253540   17.024654    7.730957    7.072831   -0.528875    7.587923    3.280305    5.913328    2.877831  -15.120960    3.318452    7.419478    6.768568   11.119856
x51 =     1.344415    4.699671    1.297627   12.805752   -8.206808    7.466966   10.261944   17.035537    7.755683    7.101199   -0.531334    7.592977    3.297288    5.907217    2.871684  -15.149468    3.294736    7.429415    6.759677   11.137850
x52 =     1.355555    4.689891    1.295677   12.816009   -8.238106    7.497437   10.267653   17.053888    7.766066    7.096736   -0.549715    7.591155    3.281221    5.908538    2.880667  -15.160443    3.311918    7.425566    6.773491   11.148549
x53 =     1.352534    4.690913    1.299578   12.819853   -8.230594    7.504964   10.274533   17.063178    7.787855    7.121186   -0.551999    7.595185    3.295664    5.903067    2.875177  -15.185155    3.291556    7.434021    6.765721   11.163802
x54 =     1.362521    4.682156    1.297929   12.828241   -8.257615    7.531293   10.279337   17.078849    7.797018    7.117448   -0.568289    7.593476    3.282017    5.904141    2.883088  -15.194389    3.306360    7.430581    6.777332   11.172972
x55 =     1.359990    4.683015    1.301139   12.831266   -8.250964    7.537876   10.284966   17.086785    7.816203    7.138536   -0.570395    7.596681    3.294320    5.899254    2.878197  -15.215811    3.288863    7.437784    6.770533   11.185917
x56 =     1.368923    4.675197    1.299743   12.838124   -8.274309    7.560636   10.289003   17.100180    7.824285    7.135400   -0.584812    7.595087    3.282715    5.900127    2.885156  -15.223587    3.301632    7.434715    6.780299   11.193777
x57 =     1.366801    4.675921    1.302388   12.840491   -8.268429    7.566390   10.293606   17.106964    7.841165    7.153603   -0.586741    7.597628    3.293214    5.895773    2.880807  -15.242160    3.286586    7.440858    6.774344   11.204774
x58 =     1.374773    4.668959    1.301202   12.846099   -8.288610    7.586075   10.296995   17.118424    7.848288    7.150966   -0.599485    7.596148    3.283333    5.896481    2.886922  -15.248713    3.297611    7.438127    6.782564   11.211514
x59 =     1.372995    4.669572    1.303386   12.847939   -8.283420    7.591101   10.300757   17.124228    7.863129    7.166690   -0.601243    7.598156    3.292306    5.892610    2.883062  -15.264818    3.284662    7.443373    6.777345   11.220865
x60 =     1.380095    4.663386    1.302377   12.852524   -8.300877    7.608135   10.303598   17.134041    7.869403    7.164468   -0.612493    7.596787    3.283885    5.893184    2.888431  -15.270346    3.294191    7.440946    6.784268   11.226645
x61 =     1.378604    4.663905    1.304182   12.853945   -8.296301    7.612523   10.306670   17.139009    7.882444    7.178060   -0.614088    7.598366    3.291566    5.889748    2.885010  -15.284312    3.283040    7.445431    6.779690   11.234605
x62 =     1.384917    4.658420    1.303323   12.857692   -8.311411    7.627269   10.309048   17.147418    7.887967    7.176185   -0.624010    7.597106    3.284381    5.890213    2.889720  -15.288978    3.291283    7.443277    6.785525   11.239565
x63 =     1.383667    4.658862    1.304817   12.858781   -8.307380    7.631098   10.311555   17.151675    7.899419    7.187940   -0.625451    7.598341    3.290965    5.887167    2.886692  -15.301092    3.281674    7.447116    6.781506   11.246347
x64 =     1.389271    4.654007    1.304084   12.861843   -8.320467    7.643868   10.313544   17.158887    7.904279    7.186356   -0.634192    7.597184    3.284829    5.887545    2.890822  -15.305034    3.288811    7.445208    6.786427   11.250604
x65 =     1.388222    4.654384    1.305323   12.862668   -8.316921    7.647208   10.315587   17.162536    7.914330    7.196528   -0.635489    7.598146    3.290481    5.884849    2.888145  -15.315542    3.280524    7.448498    6.782897   11.256388
x66 =     1.393190    4.650094    1.304696   12.865170   -8.328260    7.658271   10.317248   17.168726    7.918603    7.195187   -0.643184    7.597087    3.285236    5.885154    2.891763  -15.318874    3.286708    7.446810    6.787050   11.260042
x67 =     1.392310    4.650417    1.305725   12.865787   -8.325144    7.661184   10.318910   17.171856    7.927421    7.203994   -0.644348    7.597829    3.290093    5.882771    2.889399  -15.327991    3.279559    7.449631    6.783949   11.264980
x68 =     1.396708    4.646632    1.305190   12.867832   -8.334975    7.670772   10.320296   17.177174    7.931177    7.202857   -0.651116    7.596863    3.285606    5.883018    2.892567  -15.330810    3.284921    7.448140    6.787455   11.268118
x69 =     1.395969    4.646909    1.306046   12.868285   -8.332238    7.673311   10.321647   17.179860    7.938910    7.210487   -0.652157    7.597431    3.289786    5.880914    2.890481  -15.338721    3.278749    7.450562    6.784729   11.272338
x70 =     1.399858    4.643573    1.305588   12.869955   -8.340766    7.681624   10.322801   17.184431    7.942209    7.209521   -0.658106    7.596552    3.285943    5.881113    2.893254  -15.341107    3.283402    7.449246    6.787691   11.275034
x71 =     1.399237    4.643813    1.306301   12.870281   -8.338364    7.683837   10.323897   17.186739    7.948987    7.216134   -0.659035    7.596982    3.289545    5.879257    2.891416  -15.347973    3.278071    7.451328    6.785294   11.278642
x72 =     1.402673    4.640876    1.305909   12.871645   -8.345766    7.691047   10.324857   17.190671    7.951883    7.215312   -0.664260    7.596184    3.286252    5.879418    2.893842  -15.349994    3.282111    7.450168    6.787798   11.280959
x73 =     1.402151    4.641083    1.306504   12.871872   -8.343660    7.692975   10.325744   17.192654    7.957823    7.221046   -0.665087    7.596504    3.289358    5.877782    2.892222  -15.355953    3.277504    7.451959    6.785690   11.284047
x74 =     1.405184    4.638501    1.306168   12.872986   -8.350086    7.699230   10.326541   17.196038    7.960365    7.220346   -0.669674    7.595781    3.286534    5.877913    2.894344  -15.357667    3.281014    7.450937    6.787807   11.286039
x75 =     1.404745    4.638681    1.306666   12.873137   -8.348240    7.700909   10.327258   17.197743    7.965568    7.225320   -0.670408    7.596016    3.289216    5.876472    2.892918  -15.362840    3.277030    7.452479    6.785953   11.288685
x76 =     1.407419    4.636412    1.306377   12.874047   -8.353822    7.706337   10.327919   17.200659    7.967797    7.224723   -0.674432    7.595363    3.286793    5.876577    2.894772  -15.364293    3.280081    7.451580    6.787744   11.290398
x77 =     1.407049    4.636570    1.306795   12.874140   -8.352206    7.707800   10.328496   17.202126    7.972353    7.229039   -0.675084    7.595530    3.289110    5.875310    2.893518  -15.368784    3.276636    7.452909    6.786113   11.292666
x78 =     1.409406    4.634578    1.306547   12.874882   -8.357056    7.712512   10.329043   17.204639    7.974309    7.228529   -0.678612    7.594940    3.287029    5.875395    2.895139  -15.370018    3.279289    7.452119    6.787629   11.294140
x79 =     1.409094    4.634716    1.306897   12.874932   -8.355642    7.713786   10.329506   17.205902    7.978297    7.232276   -0.679189    7.595055    3.289034    5.874280    2.894036  -15.373918    3.276308    7.453265    6.786193   11.296086
x80 =     1.411169    4.632970    1.306684   12.875537   -8.359859    7.717877   10.329958   17.208069    7.980011    7.231840   -0.682281    7.594524    3.287246    5.874348    2.895452  -15.374965    3.278616    7.452571    6.787477   11.297355
x81 =     1.410907    4.633091    1.306979   12.875554   -8.358622    7.718987   10.330329   17.209157    7.983502    7.235094   -0.682791    7.594599    3.288981    5.873369    2.894483  -15.378352    3.276035    7.453561    6.786214   11.299025
x82 =     1.412732    4.631560    1.306796   12.876049   -8.362288    7.722540   10.330701   17.211027    7.985004    7.234721   -0.685499    7.594121    3.287444    5.873424    2.895720  -15.379242    3.278045    7.452951    6.787301   11.300118
x83 =     1.412511    4.631667    1.307045   12.876042   -8.361207    7.723506   10.330997   17.211965    7.988058    7.237547   -0.685949    7.594165    3.288947    5.872564    2.894869  -15.382184    3.275810    7.453806    6.786190   11.301553
x84 =     1.414117    4.630326    1.306888   12.876445   -8.364396    7.726593   10.331303   17.213579    7.989373    7.237227   -0.688321    7.593736    3.287625    5.872608    2.895949  -15.382941    3.277559    7.453271    6.787111   11.302494
x85 =     1.413930    4.630421    1.307097   12.876422   -8.363452    7.727434   10.331538   17.214388    7.992045    7.239683   -0.688718    7.593756    3.288928    5.871853    2.895201  -15.385496    3.275623    7.454011    6.786133   11.303728
x86 =     1.415341    4.629247    1.306962   12.876750   -8.366227    7.730116   10.331788   17.215782    7.993197    7.239409   -0.690794    7.593372    3.287790    5.871888    2.896144  -15.386140    3.277147    7.453542    6.786914   11.304539
x87 =     1.415183    4.629331    1.307140   12.876715   -8.365402    7.730848   10.331973   17.216480    7.995534    7.241543   -0.691143    7.593375    3.288921    5.871226    2.895488  -15.388360    3.275470    7.454182    6.786053   11.305600
x88 =     1.416422    4.628304    1.307024   12.876983   -8.367818    7.733179   10.332178   17.217685    7.996543    7.241307   -0.692960    7.593030    3.287941    5.871255    2.896311  -15.388908    3.276798    7.453771    6.786715   11.306300
x89 =     1.416289    4.628378    1.307174   12.876941   -8.367098    7.733816   10.332323   17.218287    7.998586    7.243163   -0.693267    7.593020    3.288923    5.870674    2.895736  -15.390837    3.275344    7.454325    6.785957   11.307213
x90 =     1.417377    4.627481    1.307074   12.877159   -8.369201    7.735842   10.332490   17.219329    7.999469    7.242961   -0.694856    7.592712    3.288078    5.870697    2.896454  -15.391304    3.276501    7.453966    6.786519   11.307817
x91 =     1.417265    4.627547    1.307202   12.877112   -8.368572    7.736397   10.332603   17.219849    8.001255    7.244574   -0.695126    7.592693    3.288931    5.870188    2.895949  -15.392980    3.275240    7.454446    6.785852   11.308604
x92 =     1.418220    4.626763    1.307116   12.877290   -8.370404    7.738159   10.332739   17.220751    8.002028    7.244400   -0.696516    7.592418    3.288203    5.870206    2.896576  -15.393378    3.276249    7.454131    6.786329   11.309124
x93 =     1.418124    4.626821    1.307225   12.877241   -8.369856    7.738642   10.332826   17.221200    8.003589    7.245803   -0.696753    7.592393    3.288945    5.869760    2.896133  -15.394834    3.275156    7.454547    6.785742   11.309802
x94 =     1.418962    4.626136    1.307151   12.877386   -8.371452    7.740174   10.332935   17.221980    8.004265    7.245653   -0.697968    7.592147    3.288317    5.869775    2.896680  -15.395173    3.276036    7.454272    6.786146   11.310251
x95 =     1.418882    4.626188    1.307243   12.877337   -8.370973    7.740594   10.333001   17.222369    8.005630    7.246874   -0.698175    7.592118    3.288962    5.869384    2.896292  -15.396440    3.275087    7.454633    6.785630   11.310836
x96 =     1.419616    4.625590    1.307180   12.877454   -8.372364    7.741926   10.333089   17.223044    8.006221    7.246745   -0.699237    7.591899    3.288420    5.869396    2.896769  -15.396729    3.275855    7.454392    6.785973   11.311224
x97 =     1.419548    4.625637    1.307259   12.877406   -8.371947    7.742293   10.333139   17.223380    8.007413    7.247808   -0.699419    7.591868    3.288981    5.869054    2.896429  -15.397829    3.275032    7.454706    6.785519   11.311728
x98 =     1.420192    4.625115    1.307204   12.877502   -8.373159    7.743451   10.333209   17.223965    8.007930    7.247696   -0.700347    7.591673    3.288514    5.869063    2.896845  -15.398076    3.275701    7.454496    6.785810   11.312063
x99 =     1.420134    4.625156    1.307272   12.877455   -8.372796    7.743770   10.333245   17.224256    8.008972    7.248621   -0.700506    7.591640    3.289002    5.868763    2.896548  -15.399033    3.274987    7.454768    6.785410   11.312499
x100 =     1.420699    4.624701    1.307225   12.877533   -8.373852    7.744778   10.333302   17.224763    8.009424    7.248524   -0.701317    7.591466    3.288599    5.868771    2.896911  -15.399244    3.275571    7.454584    6.785658   11.312788
x101 =     1.420649    4.624738    1.307283   12.877489   -8.373535    7.745056   10.333327   17.225015    8.010334    7.249329   -0.701456    7.591434    3.289024    5.868509    2.896650  -15.400076    3.274952    7.454820    6.785306   11.313164
x102 =     1.421144    4.624341    1.307242   12.877552   -8.374456    7.745933   10.333372   17.225454    8.010730    7.249246   -0.702164    7.591279    3.288676    5.868515    2.896966  -15.400256    3.275461    7.454660    6.785516   11.313414
x103 =     1.421102    4.624374    1.307292   12.877510   -8.374181    7.746174   10.333389   17.225672    8.011525    7.249947   -0.702286    7.591247    3.289047    5.868286    2.896738  -15.400979    3.274923    7.454866    6.785207   11.313739
x104 =     1.421536    4.624028    1.307257   12.877562   -8.374984    7.746938   10.333424   17.226053    8.011870    7.249875   -0.702904    7.591110    3.288746    5.868291    2.897014  -15.401133    3.275368    7.454726    6.785385   11.313955
x105 =     1.421500    4.624058    1.307300   12.877523   -8.374744    7.747148   10.333435   17.226242    8.012565    7.250485   -0.703011    7.591079    3.289069    5.868090    2.896814  -15.401762    3.274901    7.454904    6.785113   11.314236
x106 =     1.421879    4.623756    1.307270   12.877564   -8.375444    7.747812   10.333462   17.226572    8.012867    7.250423   -0.703551    7.590957    3.288809    5.868094    2.897054  -15.401894    3.275289    7.454782    6.785265   11.314423
x107 =     1.421849    4.623782    1.307307   12.877529   -8.375235    7.747995   10.333468   17.226736    8.013473    7.250954   -0.703644    7.590928    3.289090    5.867918    2.896879  -15.402441    3.274883    7.454938    6.785025   11.314666
x108 =     1.422181    4.623519    1.307281   12.877562   -8.375846    7.748573   10.333488   17.227022    8.013737    7.250900   -0.704115    7.590819    3.288865    5.867921    2.897089  -15.402554    3.275223    7.454831    6.785154   11.314828
x109 =     1.422156    4.623543    1.307313   12.877529   -8.375664    7.748733   10.333490   17.227164    8.014267    7.251363   -0.704196    7.590792    3.289111    5.867768    2.896936  -15.403030    3.274870    7.454967    6.784944   11.315038
x110 =     1.422447    4.623314    1.307291   12.877557   -8.376197    7.749236   10.333506   17.227413    8.014497    7.251317   -0.704608    7.590696    3.288917    5.867771    2.897119  -15.403126    3.275166    7.454874    6.785053   11.315178
x111 =     1.422425    4.623335    1.307318   12.877527   -8.376039    7.749375   10.333505   17.227536    8.014960    7.251719   -0.704678    7.590670    3.289130    5.867637    2.896985  -15.403540    3.274860    7.454992    6.784868   11.315360
x112 =     1.422679    4.623136    1.307299   12.877549   -8.376504    7.749813   10.333517   17.227752    8.015161    7.251679   -0.705038    7.590584    3.288963    5.867639    2.897144  -15.403622    3.275119    7.454911    6.784961   11.315481
x113 =     1.422660    4.623155    1.307323   12.877521   -8.376366    7.749934   10.333514   17.227858    8.015565    7.252030   -0.705099    7.590560    3.289149    5.867521    2.897027  -15.403983    3.274852    7.455013    6.784798   11.315638
x114 =     1.422883    4.622981    1.307307   12.877539   -8.376772    7.750316   10.333522   17.228046    8.015741    7.251995   -0.705413    7.590485    3.289004    5.867523    2.897166  -15.404053    3.275078    7.454943    6.784877   11.315743
x115 =     1.422867    4.622998    1.307327   12.877514   -8.376652    7.750421   10.333518   17.228139    8.016093    7.252301   -0.705466    7.590462    3.289167    5.867421    2.897063  -15.404367    3.274847    7.455032    6.784734   11.315880
x116 =     1.423062    4.622847    1.307313   12.877529   -8.377006    7.750753   10.333523   17.228302    8.016247    7.252271   -0.705740    7.590395    3.289041    5.867422    2.897185  -15.404427    3.275044    7.454971    6.784801   11.315970
x117 =     1.423048    4.622862    1.307331   12.877506   -8.376902    7.750845   10.333518   17.228382    8.016555    7.252538   -0.705787    7.590375    3.289183    5.867332    2.897095  -15.404700    3.274843    7.455049    6.784675   11.316089
x118 =     1.423219    4.622730    1.307319   12.877518   -8.377211    7.751134   10.333521   17.228523    8.016689    7.252511   -0.706025    7.590316    3.289075    5.867333    2.897200  -15.404752    3.275016    7.454995    6.784732   11.316167
x119 =     1.423207    4.622744    1.307334   12.877498   -8.377121    7.751214   10.333516   17.228593    8.016957    7.252744   -0.706066    7.590297    3.289199    5.867255    2.897122  -15.404989    3.274841    7.455063    6.784622   11.316270
x120 =     1.423356    4.622629    1.307324   12.877507   -8.377390    7.751466   10.333517   17.228716    8.017075    7.252721   -0.706274    7.590245    3.289105    5.867256    2.897214  -15.405033    3.274991    7.455016    6.784670   11.316338
x121 =     1.423346    4.622641    1.307338   12.877489   -8.377312    7.751535   10.333511   17.228777    8.017309    7.252923   -0.706310    7.590227    3.289213    5.867188    2.897145  -15.405240    3.274840    7.455076    6.784573   11.316426
x122 =     1.423477    4.622542    1.307329   12.877497   -8.377547    7.751755   10.333512   17.228884    8.017411    7.252904   -0.706491    7.590181    3.289132    5.867188    2.897226  -15.405278    3.274971    7.455035    6.784614   11.316486
x123 =     1.423468    4.622552    1.307340   12.877481   -8.377479    7.751815   10.333505   17.228936    8.017616    7.253080   -0.706522    7.590165    3.289226    5.867129    2.897165  -15.405457    3.274839    7.455087    6.784529   11.316563
x124 =     1.423582    4.622466    1.307333   12.877487   -8.377684    7.752007   10.333505   17.229029    8.017706    7.253063   -0.706681    7.590124    3.289156    5.867129    2.897236  -15.405490    3.274954    7.455052    6.784564   11.316614
x125 =     1.423575    4.622475    1.307343   12.877472   -8.377625    7.752059   10.333499   17.229075    8.017884    7.253216   -0.706708    7.590110    3.289238    5.867077    2.897183  -15.405647    3.274839    7.455097    6.784489   11.316680
x126 =     1.423675    4.622400    1.307336   12.877477   -8.377804    7.752226   10.333498   17.229156    8.017962    7.253202   -0.706846    7.590074    3.289177    5.867078    2.897244  -15.405675    3.274940    7.455066    6.784518   11.316725
x127 =     1.423668    4.622409    1.307345   12.877464   -8.377753    7.752272   10.333491   17.229195    8.018118    7.253336   -0.706869    7.590061    3.289250    5.867032    2.897198  -15.405811    3.274840    7.455105    6.784452   11.316783
x128 =     1.423755    4.622343    1.307340   12.877468   -8.377909    7.752417   10.333490   17.229266    8.018186    7.253323   -0.706990    7.590029    3.289197    5.867032    2.897251  -15.405835    3.274927    7.455079    6.784478   11.316821
x129 =     1.423750    4.622351    1.307347   12.877457   -8.377864    7.752457   10.333484   17.229300    8.018322    7.253439   -0.707010    7.590018    3.289260    5.866993    2.897211  -15.405953    3.274841    7.455113    6.784420   11.316872
x130 =     1.423826    4.622293    1.307343   12.877460   -8.378001    7.752583   10.333482   17.229361    8.018382    7.253428   -0.707115    7.589989    3.289214    5.866993    2.897257  -15.405974    3.274917    7.455090    6.784441   11.316905
x131 =     1.423822    4.622300    1.307349   12.877449   -8.377962    7.752618   10.333476   17.229391    8.018501    7.253530   -0.707133    7.589979    3.289269    5.866958    2.897222  -15.406077    3.274842    7.455120    6.784390   11.316949
x132 =     1.423888    4.622251    1.307345   12.877452   -8.378082    7.752728   10.333474   17.229444    8.018552    7.253520   -0.707224    7.589954    3.289229    5.866959    2.897263  -15.406095    3.274909    7.455099    6.784409   11.316978
x133 =     1.423884    4.622257    1.307351   12.877443   -8.378048    7.752759   10.333469   17.229471    8.018656    7.253609   -0.707240    7.589945    3.289278    5.866928    2.897232  -15.406185    3.274843    7.455126    6.784364   11.317015
x134 =     1.423943    4.622214    1.307348   12.877445   -8.378152    7.752855   10.333466   17.229517    8.018701    7.253601   -0.707320    7.589923    3.289243    5.866928    2.897267  -15.406200    3.274902    7.455108    6.784379   11.317041
x135 =     1.423939    4.622219    1.307353   12.877437   -8.378123    7.752881   10.333461   17.229539    8.018792    7.253678   -0.707333    7.589914    3.289285    5.866902    2.897241  -15.406278    3.274844    7.455131    6.784340   11.317074
x136 =     1.423990    4.622182    1.307350   12.877438   -8.378214    7.752965   10.333459   17.229580    8.018831    7.253671   -0.707403    7.589895    3.289255    5.866902    2.897271  -15.406291    3.274896    7.455116    6.784353   11.317095
x137 =     1.423987    4.622187    1.307354   12.877431   -8.378188    7.752988   10.333454   17.229600    8.018910    7.253738   -0.707414    7.589887    3.289292    5.866879    2.897248  -15.406359    3.274846    7.455136    6.784319   11.317124
x138 =     1.424032    4.622154    1.307352   12.877432   -8.378268    7.753061   10.333452   17.229635    8.018945    7.253732   -0.707475    7.589870    3.289266    5.866879    2.897275  -15.406371    3.274891    7.455122    6.784330   11.317143
x139 =     1.424029    4.622158    1.307355   12.877426   -8.378246    7.753081   10.333447   17.229652    8.019014    7.253791   -0.707485    7.589863    3.289299    5.866859    2.897254  -15.406430    3.274847    7.455140    6.784299   11.317168
x140 =     1.424068    4.622130    1.307353   12.877427   -8.378315    7.753144   10.333445   17.229682    8.019044    7.253785   -0.707538    7.589848    3.289276    5.866859    2.897277  -15.406440    3.274886    7.455128    6.784309   11.317184
x141 =     1.424066    4.622134    1.307357   12.877421   -8.378296    7.753162   10.333441   17.229697    8.019104    7.253836   -0.707547    7.589842    3.289304    5.866842    2.897260  -15.406491    3.274849    7.455144    6.784282   11.317206
x142 =     1.424100    4.622109    1.307355   12.877422   -8.378357    7.753217   10.333439   17.229724    8.019130    7.253832   -0.707593    7.589829    3.289285    5.866842    2.897280  -15.406500    3.274883    7.455133    6.784290   11.317220
x143 =     1.424098    4.622113    1.307358   12.877417   -8.378340    7.753232   10.333435   17.229737    8.019183    7.253876   -0.707601    7.589823    3.289309    5.866826    2.897264  -15.406545    3.274850    7.455147    6.784267   11.317239
x144 =     1.424128    4.622091    1.307356   12.877418   -8.378393    7.753281   10.333433   17.229760    8.019206    7.253872   -0.707641    7.589812    3.289293    5.866826    2.897282  -15.406552    3.274880    7.455138    6.784274   11.317251
x145 =     1.424126    4.622094    1.307359   12.877414   -8.378379    7.753294   10.333429   17.229771    8.019252    7.253911   -0.707647    7.589807    3.289314    5.866813    2.897268  -15.406591    3.274851    7.455150    6.784253   11.317267
x146 =     1.424152    4.622076    1.307357   12.877414   -8.378425    7.753336   10.333427   17.229791    8.019271    7.253907   -0.707683    7.589796    3.289299    5.866813    2.897284  -15.406597    3.274878    7.455142    6.784259   11.317278
x147 =     1.424151    4.622078    1.307360   12.877410   -8.378412    7.753348   10.333424   17.229801    8.019311    7.253941   -0.707688    7.589792    3.289318    5.866801    2.897272  -15.406631    3.274853    7.455152    6.784241   11.317292
x148 =     1.424173    4.622062    1.307359   12.877411   -8.378453    7.753384   10.333422   17.229819    8.019329    7.253938   -0.707719    7.589783    3.289306    5.866801    2.897285  -15.406637    3.274876    7.455146    6.784246   11.317302
x149 =     1.424172    4.622065    1.307361   12.877407   -8.378442    7.753394   10.333420   17.229827    8.019364    7.253968   -0.707724    7.589779    3.289322    5.866791    2.897275  -15.406666    3.274854    7.455155    6.784230   11.317314
x150 =     1.424192    4.622050    1.307360   12.877407   -8.378477    7.753426   10.333418   17.229843    8.019379    7.253965   -0.707751    7.589771    3.289311    5.866791    2.897287  -15.406671    3.274874    7.455149    6.784234   11.317322
x151 =     1.424191    4.622053    1.307361   12.877405   -8.378468    7.753435   10.333415   17.229850    8.019409    7.253991   -0.707755    7.589768    3.289325    5.866782    2.897277  -15.406697    3.274855    7.455157    6.784220   11.317333
x152 =     1.424208    4.622040    1.307360   12.877405   -8.378499    7.753463   10.333414   17.229863    8.019423    7.253989   -0.707778    7.589761    3.289316    5.866782    2.897288  -15.406701    3.274873    7.455152    6.784224   11.317340
x153 =     1.424207    4.622042    1.307362   12.877402   -8.378490    7.753471   10.333411   17.229870    8.019449    7.254011   -0.707782    7.589758    3.289328    5.866775    2.897280  -15.406723    3.274856    7.455159    6.784212   11.317349
x154 =     1.424222    4.622032    1.307361   12.877402   -8.378517    7.753495   10.333410   17.229882    8.019461    7.254009   -0.707802    7.589751    3.289320    5.866775    2.897289  -15.406727    3.274871    7.455154    6.784215   11.317356
x155 =     1.424222    4.622033    1.307363   12.877400   -8.378510    7.753502   10.333408   17.229887    8.019484    7.254029   -0.707805    7.589749    3.289331    5.866768    2.897282  -15.406746    3.274857    7.455160    6.784204   11.317364
x156 =     1.424235    4.622024    1.307362   12.877400   -8.378534    7.753523   10.333406   17.229897    8.019494    7.254027   -0.707823    7.589743    3.289324    5.866768    2.897290  -15.406749    3.274870    7.455156    6.784207   11.317369
x157 =     1.424234    4.622026    1.307363   12.877398   -8.378527    7.753529   10.333404   17.229902    8.019514    7.254044   -0.707826    7.589741    3.289334    5.866762    2.897283  -15.406766    3.274858    7.455162    6.784197   11.317376
x158 =     1.424246    4.622018    1.307363   12.877398   -8.378548    7.753547   10.333403   17.229911    8.019523    7.254042   -0.707841    7.589736    3.289327    5.866762    2.897290  -15.406769    3.274870    7.455158    6.784199   11.317381
x159 =     1.424245    4.622019    1.307364   12.877396   -8.378543    7.753552   10.333401   17.229915    8.019541    7.254057   -0.707844    7.589734    3.289336    5.866757    2.897285  -15.406784    3.274859    7.455163    6.784191   11.317387
x160 =     1.424255    4.622012    1.307363   12.877396   -8.378561    7.753568   10.333400   17.229923    8.019548    7.254056   -0.707857    7.589730    3.289330    5.866757    2.897291  -15.406786    3.274869    7.455160    6.784193   11.317391
x161 =     1.424255    4.622013    1.307364   12.877395   -8.378556    7.753573   10.333398   17.229927    8.019564    7.254069   -0.707859    7.589728    3.289338    5.866752    2.897286  -15.406799    3.274860    7.455164    6.784186   11.317396
x162 =     1.424263    4.622007    1.307364   12.877395   -8.378572    7.753587   10.333397   17.229934    8.019571    7.254068   -0.707871    7.589724    3.289333    5.866752    2.897291  -15.406801    3.274869    7.455162    6.784187   11.317400
x163 =     1.424263    4.622008    1.307365   12.877394   -8.378568    7.753591   10.333396   17.229937    8.019584    7.254079   -0.707873    7.589722    3.289339    5.866749    2.897287  -15.406812    3.274860    7.455165    6.784181   11.317404
x164 =     1.424271    4.622003    1.307364   12.877394   -8.378581    7.753603   10.333395   17.229943    8.019590    7.254078   -0.707883    7.589719    3.289335    5.866749    2.897292  -15.406814    3.274868    7.455163    6.784182   11.317407
x165 =     1.424270    4.622004    1.307365   12.877392   -8.378578    7.753606   10.333394   17.229945    8.019602    7.254088   -0.707885    7.589718    3.289341    5.866745    2.897288  -15.406824    3.274861    7.455166    6.784177   11.317411
x166 =     1.424277    4.621999    1.307365   12.877392   -8.378590    7.753617   10.333393   17.229951    8.019607    7.254087   -0.707893    7.589715    3.289337    5.866745    2.897292  -15.406825    3.274868    7.455164    6.784178   11.317414
x167 =     1.424277    4.622000    1.307365   12.877391   -8.378587    7.753620   10.333392   17.229953    8.019617    7.254096   -0.707895    7.589713    3.289342    5.866742    2.897289  -15.406834    3.274862    7.455167    6.784173   11.317418
x168 =     1.424283    4.621996    1.307365   12.877391   -8.378597    7.753629   10.333391   17.229957    8.019621    7.254095   -0.707903    7.589711    3.289339    5.866742    2.897293  -15.406835    3.274868    7.455165    6.784174   11.317420
x169 =     1.424282    4.621997    1.307366   12.877390   -8.378595    7.753632   10.333390   17.229960    8.019630    7.254103   -0.707904    7.589710    3.289344    5.866740    2.897290  -15.406842    3.274862    7.455168    6.784169   11.317423
x170 =     1.424287    4.621993    1.307365   12.877390   -8.378604    7.753640   10.333389   17.229963    8.019634    7.254102   -0.707911    7.589707    3.289341    5.866740    2.897293  -15.406843    3.274867    7.455166    6.784170   11.317425
x171 =     1.424287    4.621994    1.307366   12.877390   -8.378601    7.753642   10.333388   17.229965    8.019642    7.254109   -0.707912    7.589706    3.289345    5.866737    2.897290  -15.406850    3.274863    7.455168    6.784166   11.317428
x172 =     1.424292    4.621991    1.307366   12.877390   -8.378609    7.753649   10.333388   17.229969    8.019645    7.254108   -0.707917    7.589704    3.289342    5.866737    2.897293  -15.406851    3.274867    7.455167    6.784167   11.317429
x173 =     1.424292    4.621992    1.307366   12.877389   -8.378607    7.753651   10.333387   17.229970    8.019652    7.254114   -0.707918    7.589704    3.289346    5.866735    2.897291  -15.406856    3.274863    7.455169    6.784164   11.317432
x174 =     1.424295    4.621989    1.307366   12.877389   -8.378614    7.753657   10.333386   17.229973    8.019655    7.254113   -0.707924    7.589702    3.289344    5.866735    2.897293  -15.406857    3.274867    7.455168    6.784164   11.317433
x175 =     1.424295    4.621990    1.307366   12.877388   -8.378613    7.753659   10.333385   17.229975    8.019661    7.254118   -0.707924    7.589701    3.289347    5.866734    2.897291  -15.406862    3.274863    7.455169    6.784161   11.317435
x176 =     1.424299    4.621987    1.307366   12.877388   -8.378619    7.753664   10.333385   17.229977    8.019664    7.254118   -0.707929    7.589699    3.289345    5.866734    2.897293  -15.406863    3.274867    7.455168    6.784162   11.317437
x177 =     1.424298    4.621988    1.307367   12.877388   -8.378617    7.753666   10.333384   17.229979    8.019669    7.254122   -0.707929    7.589699    3.289347    5.866732    2.897292  -15.406867    3.274864    7.455170    6.784159   11.317438
x178 =     1.424301    4.621986    1.307366   12.877388   -8.378623    7.753671   10.333384   17.229981    8.019671    7.254122   -0.707933    7.589697    3.289346    5.866732    2.897294  -15.406868    3.274867    7.455169    6.784160   11.317440
x179 =     1.424301    4.621986    1.307367   12.877387   -8.378621    7.753672   10.333383   17.229982    8.019676    7.254126   -0.707934    7.589697    3.289348    5.866731    2.897292  -15.406872    3.274864    7.455170    6.784158   11.317441
x180 =     1.424304    4.621984    1.307367   12.877387   -8.378626    7.753676   10.333383   17.229984    8.019678    7.254125   -0.707937    7.589696    3.289347    5.866731    2.897294  -15.406872    3.274867    7.455170    6.784158   11.317442
x181 =     1.424304    4.621985    1.307367   12.877387   -8.378625    7.753677   10.333382   17.229985    8.019682    7.254129   -0.707938    7.589695    3.289349    5.866730    2.897293  -15.406875    3.274864    7.455171    6.784156   11.317443
x182 =     1.424306    4.621983    1.307367   12.877387   -8.378629    7.753681   10.333382   17.229986    8.019683    7.254128   -0.707941    7.589694    3.289347    5.866730    2.897294  -15.406876    3.274867    7.455170    6.784156   11.317444
x183 =     1.424306    4.621984    1.307367   12.877386   -8.378628    7.753682   10.333381   17.229987    8.019687    7.254131   -0.707941    7.589694    3.289349    5.866729    2.897293  -15.406879    3.274865    7.455171    6.784155   11.317445
x184 =     1.424308    4.621982    1.307367   12.877386   -8.378631    7.753685   10.333381   17.229989    8.019688    7.254131   -0.707944    7.589693    3.289348    5.866729    2.897294  -15.406879    3.274867    7.455170    6.784155   11.317446
x185 =     1.424308    4.621983    1.307367   12.877386   -8.378631    7.753686   10.333381   17.229989    8.019691    7.254133   -0.707944    7.589692    3.289350    5.866728    2.897293  -15.406881    3.274865    7.455171    6.784153   11.317447
x186 =     1.424310    4.621982    1.307367   12.877386   -8.378634    7.753688   10.333380   17.229991    8.019692    7.254133   -0.707946    7.589691    3.289349    5.866728    2.897294  -15.406882    3.274867    7.455171    6.784153   11.317448
x187 =     1.424310    4.621982    1.307367   12.877386   -8.378633    7.753689   10.333380   17.229991    8.019695    7.254135   -0.707947    7.589691    3.289350    5.866727    2.897293  -15.406884    3.274865    7.455171    6.784152   11.317449
x188 =     1.424311    4.621981    1.307367   12.877386   -8.378636    7.753691   10.333380   17.229993    8.019696    7.254135   -0.707949    7.589690    3.289349    5.866727    2.897294  -15.406884    3.274867    7.455171    6.784152   11.317449
x189 =     1.424311    4.621981    1.307367   12.877385   -8.378635    7.753692   10.333379   17.229993    8.019699    7.254137   -0.707949    7.589690    3.289350    5.866726    2.897293  -15.406886    3.274865    7.455172    6.784151   11.317450
x190 =     1.424312    4.621980    1.307367   12.877385   -8.378637    7.753694   10.333379   17.229994    8.019699    7.254137   -0.707951    7.589689    3.289350    5.866726    2.897294  -15.406886    3.274867    7.455171    6.784151   11.317451
x191 =     1.424312    4.621980    1.307368   12.877385   -8.378637    7.753695   10.333379   17.229995    8.019701    7.254139   -0.707951    7.589689    3.289351    5.866726    2.897294  -15.406888    3.274865    7.455172    6.784150   11.317451
x192 =     1.424313    4.621980    1.307368   12.877385   -8.378639    7.753697   10.333379   17.229995    8.019702    7.254138   -0.707953    7.589689    3.289350    5.866726    2.897294  -15.406888    3.274867    7.455172    6.784150   11.317452
x193 =     1.424313    4.621980    1.307368   12.877385   -8.378638    7.753697   10.333378   17.229996    8.019704    7.254140   -0.707953    7.589688    3.289351    5.866725    2.897294  -15.406890    3.274866    7.455172    6.784150   11.317452
x194 =     1.424314    4.621979    1.307368   12.877385   -8.378640    7.753699   10.333378   17.229997    8.019705    7.254140   -0.707954    7.589688    3.289351    5.866725    2.897294  -15.406890    3.274867    7.455172    6.784150   11.317453
x195 =     1.424314    4.621979    1.307368   12.877385   -8.378640    7.753699   10.333378   17.229997    8.019706    7.254141   -0.707954    7.589688    3.289351    5.866725    2.897294  -15.406891    3.274866    7.455172    6.784149   11.317453
x196 =     1.424315    4.621979    1.307368   12.877385   -8.378641    7.753700   10.333378   17.229998    8.019707    7.254141   -0.707955    7.589687    3.289351    5.866725    2.897294  -15.406891    3.274867    7.455172    6.784149   11.317454
x197 =     1.424315    4.621979    1.307368   12.877385   -8.378641    7.753701   10.333378   17.229998    8.019708    7.254142   -0.707956    7.589687    3.289352    5.866724    2.897294  -15.406892    3.274866    7.455172    6.784148   11.317454
x198 =     1.424316    4.621978    1.307368   12.877385   -8.378642    7.753702   10.333377   17.229998    8.019709    7.254142   -0.707957    7.589687    3.289351    5.866724    2.897294  -15.406892    3.274867    7.455172    6.784148   11.317454
x199 =     1.424316    4.621979    1.307368   12.877385   -8.378642    7.753702   10.333377   17.229999    8.019710    7.254143   -0.707957    7.589686    3.289352    5.866724    2.897294  -15.406893    3.274866    7.455172    6.784148   11.317455
x200 =     1.424317    4.621978    1.307368   12.877385   -8.378643    7.753703   10.333377   17.229999    8.019711    7.254143   -0.707958    7.589686    3.289351    5.866724    2.897294  -15.406894    3.274867    7.455172    6.784148   11.317455
x201 =     1.424317    4.621978    1.307368   12.877384   -8.378643    7.753704   10.333377   17.229999    8.019712    7.254144   -0.707958    7.589686    3.289352    5.866724    2.897294  -15.406894    3.274866    7.455173    6.784147   11.317455
x202 =     1.424317    4.621978    1.307368   12.877384   -8.378644    7.753705   10.333377   17.230000    8.019712    7.254144   -0.707958    7.589686    3.289352    5.866724    2.897294  -15.406894    3.274867    7.455172    6.784147   11.317455
x203 =     1.424317    4.621978    1.307368   12.877384   -8.378644    7.753705   10.333377   17.230000    8.019713    7.254144   -0.707958    7.589686    3.289352    5.866724    2.897294  -15.406895    3.274866    7.455173    6.784147   11.317456
x204 =     1.424318    4.621978    1.307368   12.877384   -8.378645    7.753706   10.333376   17.230000    8.019713    7.254144   -0.707959    7.589685    3.289352    5.866724    2.897294  -15.406895    3.274867    7.455173    6.784147   11.317456
x205 =     1.424318    4.621978    1.307368   12.877384   -8.378645    7.753706   10.333376   17.230001    8.019714    7.254145   -0.707959    7.589685    3.289352    5.866723    2.897294  -15.406896    3.274866    7.455173    6.784146   11.317456
x206 =     1.424318    4.621977    1.307368   12.877384   -8.378645    7.753707   10.333376   17.230001    8.019714    7.254145   -0.707960    7.589685    3.289352    5.866723    2.897294  -15.406896    3.274867    7.455173    6.784146   11.317456
x207 =     1.424318    4.621977    1.307368   12.877384   -8.378645    7.753707   10.333376   17.230001    8.019715    7.254145   -0.707960    7.589685    3.289352    5.866723    2.897294  -15.406897    3.274866    7.455173    6.784146   11.317457
x208 =     1.424318    4.621977    1.307368   12.877384   -8.378646    7.753707   10.333376   17.230001    8.019715    7.254145   -0.707960    7.589685    3.289352    5.866723    2.897294  -15.406897    3.274867    7.455173    6.784146   11.317457
x209 =     1.424318    4.621977    1.307368   12.877384   -8.378646    7.753707   10.333376   17.230002    8.019716    7.254146   -0.707960    7.589685    3.289352    5.866723    2.897294  -15.406897    3.274866    7.455173    6.784146   11.317457
x210 =     1.424319    4.621977    1.307368   12.877384   -8.378646    7.753708   10.333376   17.230002    8.019716    7.254146   -0.707961    7.589684    3.289352    5.866723    2.897294  -15.406897    3.274867    7.455173    6.784146   11.317457
x211 =     1.424319    4.621977    1.307368   12.877384   -8.378646    7.753708   10.333376   17.230002    8.019717    7.254146   -0.707961    7.589684    3.289353    5.866723    2.897294  -15.406898    3.274866    7.455173    6.784146   11.317457
x212 =     1.424319    4.621977    1.307368   12.877384   -8.378647    7.753709   10.333376   17.230002    8.019717    7.254146   -0.707961    7.589684    3.289352    5.866723    2.897294  -15.406898    3.274867    7.455173    6.784146   11.317457
x213 =     1.424319    4.621977    1.307368   12.877384   -8.378647    7.753709   10.333376   17.230002    8.019717    7.254147   -0.707961    7.589684    3.289353    5.866723    2.897294  -15.406898    3.274866    7.455173    6.784145   11.317457
x214 =     1.424319    4.621977    1.307368   12.877384   -8.378647    7.753709   10.333376   17.230002    8.019718    7.254147   -0.707962    7.589684    3.289352    5.866723    2.897294  -15.406898    3.274867    7.455173    6.784145   11.317458
x215 =     1.424319    4.621977    1.307368   12.877384   -8.378647    7.753709   10.333376   17.230003    8.019718    7.254147   -0.707962    7.589684    3.289353    5.866723    2.897294  -15.406898    3.274866    7.455173    6.784145   11.317458
x216 =     1.424320    4.621977    1.307368   12.877384   -8.378647    7.753710   10.333375   17.230003    8.019718    7.254147   -0.707962    7.589684    3.289353    5.866723    2.897294  -15.406898    3.274867    7.455173    6.784145   11.317458
x217 =     1.424320    4.621977    1.307368   12.877384   -8.378647    7.753710   10.333375   17.230003    8.019718    7.254147   -0.707962    7.589684    3.289353    5.866722    2.897294  -15.406899    3.274866    7.455173    6.784145   11.317458
x218 =     1.424320    4.621977    1.307368   12.877384   -8.378648    7.753710   10.333375   17.230003    8.019719    7.254147   -0.707962    7.589684    3.289353    5.866722    2.897295  -15.406899    3.274867    7.455173    6.784145   11.317458
x219 =     1.424320    4.621977    1.307368   12.877384   -8.378648    7.753710   10.333375   17.230003    8.019719    7.254147   -0.707962    7.589684    3.289353    5.866722    2.897294  -15.406899    3.274866    7.455173    6.784145   11.317458
x220 =     1.424320    4.621977    1.307368   12.877384   -8.378648    7.753710   10.333375   17.230003    8.019719    7.254147   -0.707963    7.589683    3.289353    5.866722    2.897295  -15.406899    3.274867    7.455173    6.784145   11.317458
x221 =     1.424320    4.621977    1.307368   12.877384   -8.378648    7.753710   10.333375   17.230003    8.019719    7.254148   -0.707963    7.589683    3.289353    5.866722    2.897294  -15.406899    3.274867    7.455173    6.784145   11.317458
x222 =     1.424320    4.621977    1.307368   12.877384   -8.378648    7.753711   10.333375   17.230003    8.019719    7.254148   -0.707963    7.589683    3.289353    5.866722    2.897295  -15.406899    3.274867    7.455173    6.784145   11.317458
x223 =     1.424320    4.621977    1.307368   12.877384   -8.378648    7.753711   10.333375   17.230003    8.019720    7.254148   -0.707963    7.589683    3.289353    5.866722    2.897294  -15.406899    3.274867    7.455173    6.784145   11.317458
x224 =     1.424320    4.621977    1.307368   12.877384   -8.378648    7.753711   10.333375   17.230003    8.019720    7.254148   -0.707963    7.589683    3.289353    5.866722    2.897295  -15.406899    3.274867    7.455173    6.784145   11.317458
x225 =     1.424320    4.621977    1.307368   12.877384   -8.378648    7.753711   10.333375   17.230004    8.019720    7.254148   -0.707963    7.589683    3.289353    5.866722    2.897294  -15.406900    3.274867    7.455173    6.784145   11.317458
x226 =     1.424320    4.621976    1.307368   12.877384   -8.378648    7.753711   10.333375   17.230004    8.019720    7.254148   -0.707963    7.589683    3.289353    5.866722    2.897295  -15.406900    3.274867    7.455173    6.784145   11.317459
x227 =     1.424320    4.621976    1.307368   12.877384   -8.378648    7.753711   10.333375   17.230004    8.019720    7.254148   -0.707963    7.589683    3.289353    5.866722    2.897294  -15.406900    3.274867    7.455173    6.784144   11.317459
x228 =     1.424320    4.621976    1.307368   12.877384   -8.378649    7.753711   10.333375   17.230004    8.019720    7.254148   -0.707963    7.589683    3.289353    5.866722    2.897295  -15.406900    3.274867    7.455173    6.784144   11.317459
x229 =     1.424320    4.621976    1.307368   12.877384   -8.378649    7.753711   10.333375   17.230004    8.019720    7.254148   -0.707963    7.589683    3.289353    5.866722    2.897294  -15.406900    3.274867    7.455173    6.784144   11.317459
x230 =     1.424320    4.621976    1.307368   12.877384   -8.378649    7.753712   10.333375   17.230004    8.019720    7.254148   -0.707963    7.589683    3.289353    5.866722    2.897295  -15.406900    3.274867    7.455173    6.784144   11.317459
x231 =     1.424320    4.621976    1.307368   12.877384   -8.378649    7.753712   10.333375   17.230004    8.019721    7.254148   -0.707963    7.589683    3.289353    5.866722    2.897294  -15.406900    3.274867    7.455173    6.784144   11.317459
x232 =     1.424321    4.621976    1.307368   12.877384   -8.378649    7.753712   10.333375   17.230004    8.019721    7.254148   -0.707964    7.589683    3.289353    5.866722    2.897295  -15.406900    3.274867    7.455173    6.784144   11.317459
x233 =     1.424321    4.621976    1.307368   12.877384   -8.378649    7.753712   10.333375   17.230004    8.019721    7.254148   -0.707964    7.589683    3.289353    5.866722    2.897294  -15.406900    3.274867    7.455173    6.784144   11.317459
x234 =     1.424321    4.621976    1.307368   12.877384   -8.378649    7.753712   10.333375   17.230004    8.019721    7.254148   -0.707964    7.589683    3.289353    5.866722    2.897295  -15.406900    3.274867    7.455173    6.784144   11.317459
x235 =     1.424321    4.621976    1.307368   12.877384   -8.378649    7.753712   10.333375   17.230004    8.019721    7.254148   -0.707964    7.589683    3.289353    5.866722    2.897295  -15.406900    3.274867    7.455173    6.784144   11.317459
x236 =     1.424321    4.621976    1.307368   12.877384   -8.378649    7.753712   10.333375   17.230004    8.019721    7.254148   -0.707964    7.589683    3.289353    5.866722    2.897295  -15.406900    3.274867    7.455173    6.784144   11.317459
x237 =     1.424321    4.621976    1.307368   12.877384   -8.378649    7.753712   10.333375   17.230004    8.019721    7.254149   -0.707964    7.589683    3.289353    5.866722    2.897295  -15.406900    3.274867    7.455173    6.784144   11.317459
x238 =     1.424321    4.621976    1.307368   12.877384   -8.378649    7.753712   10.333375   17.230004    8.019721    7.254148   -0.707964    7.589683    3.289353    5.866722    2.897295  -15.406900    3.274867    7.455173    6.784144   11.317459
x239 =     1.424321    4.621976    1.307368   12.877384   -8.378649    7.753712   10.333375   17.230004    8.019721    7.254149   -0.707964    7.589683    3.289353    5.866722    2.897295  -15.406900    3.274867    7.455173    6.784144   11.317459
x240 =     1.424321    4.621976    1.307368   12.877384   -8.378649    7.753712   10.333375   17.230004    8.019721    7.254149   -0.707964    7.589683    3.289353    5.866722    2.897295  -15.406900    3.274867    7.455173    6.784144   11.317459
x241 =     1.424321    4.621976    1.307368   12.877384   -8.378649    7.753712   10.333375   17.230004    8.019721    7.254149   -0.707964    7.589683    3.289353    5.866722    2.897295  -15.406900    3.274867    7.455173    6.784144   11.317459
x242 =     1.424321    4.621976    1.307368   12.877384   -8.378649    7.753712   10.333375   17.230004    8.019721    7.254149   -0.707964    7.589683    3.289353    5.866722    2.897295  -15.406900    3.274867    7.455173    6.784144   11.317459
x243 =     1.424321    4.621976    1.307368   12.877384   -8.378649    7.753712   10.333375   17.230004    8.019721    7.254149   -0.707964    7.589683    3.289353    5.866722    2.897295  -15.406900    3.274867    7.455173    6.784144   11.317459
x244 =     1.424321    4.621976    1.307368   12.877384   -8.378649    7.753712   10.333375   17.230004    8.019721    7.254149   -0.707964    7.589683    3.289353    5.866722    2.897295  -15.406900    3.274867    7.455173    6.784144   11.317459
x245 =     1.424321    4.621976    1.307368   12.877384   -8.378649    7.753712   10.333375   17.230004    8.019721    7.254149   -0.707964    7.589683    3.289353    5.866722    2.897295  -15.406900    3.274867    7.455173    6.784144   11.317459
x246 =     1.424321    4.621976    1.307368   12.877384   -8.378649    7.753712   10.333375   17.230004    8.019721    7.254149   -0.707964    7.589683    3.289353    5.866722    2.897295  -15.406900    3.274867    7.455173    6.784144   11.317459

Find the minimizer!
x246 =     1.424321    4.621976    1.307368   12.877384   -8.378649    7.753712   10.333375   17.230004    8.019721    7.254149   -0.707964    7.589683    3.289353    5.866722    2.897295  -15.406900    3.274867    7.455173    6.784144   11.317459
error =     0.000000 
