% Appendix II
% Different initial point:
A = [0.4788    0.0662    0.0616    0.0394   -0.1161   -0.0244   -0.0103   -0.0451   -0.1327    0.0904   -0.0022    0.0349    0.0148    0.0369    0.0560    0.0836   -0.0456   -0.1205    0.1462    0.0351
    0.0662    0.5064    0.0392   -0.0474    0.1194    0.0796    0.0489   -0.1040    0.1200   -0.0293   -0.0074    0.0006   -0.0503   -0.0892   -0.1179   -0.0491   -0.0348   -0.0667    0.0858    0.0215
    0.0616    0.0392    0.5402   -0.0045    0.0647   -0.0606    0.0128   -0.0019   -0.0636    0.1054   -0.1389    0.1145   -0.0198   -0.0107    0.0233   -0.0059    0.0258   -0.0950   -0.0608   -0.0083
    0.0394   -0.0474   -0.0045    0.4234    0.0793   -0.0521   -0.0189   -0.0781    0.1109   -0.0144   -0.1421   -0.0937   -0.0028   -0.0025   -0.0315    0.0642    0.0642    0.0345    0.0200   -0.1267
   -0.1161    0.1194    0.0647    0.0793    0.4756    0.0469   -0.0724    0.1102    0.1142    0.1431    0.0606   -0.0576    0.0758    0.0041   -0.1039   -0.0225   -0.0749    0.0313   -0.0798    0.0328
   -0.0244    0.0796   -0.0606   -0.0521    0.0469    0.4805    0.0523    0.0500   -0.0417   -0.1175    0.0788    0.0384    0.0113    0.1210    0.0397    0.1154    0.0663   -0.0340    0.0155   -0.2140
   -0.0103    0.0489    0.0128   -0.0189   -0.0724    0.0523    0.4843   -0.1235   -0.0122    0.0402   -0.0083   -0.1307    0.1484   -0.0441    0.0579    0.0936    0.0602   -0.0424   -0.1910   -0.0303
   -0.0451   -0.1040   -0.0019   -0.0781    0.1102    0.0500   -0.1235    0.4782   -0.1256   -0.0472    0.0494   -0.0818   -0.0359   -0.0644    0.0085    0.1003   -0.0477   -0.0564    0.0288    0.0067
   -0.1327    0.1200   -0.0636    0.1109    0.1142   -0.0417   -0.0122   -0.1256    0.4291   -0.0477    0.1481    0.0375   -0.0380   -0.0441    0.0099    0.0498   -0.0149    0.0673    0.0055    0.0154
    0.0904   -0.0293    0.1054   -0.0144    0.1431   -0.1175    0.0402   -0.0472   -0.0477    0.5117    0.1456   -0.0317    0.0037   -0.0206    0.0969   -0.0446   -0.1018    0.0930   -0.0552   -0.0268
   -0.0022   -0.0074   -0.1389   -0.1421    0.0606    0.0788   -0.0083    0.0494    0.1481    0.1456    0.5259   -0.0192   -0.0642   -0.0425    0.0868   -0.0645   -0.0583   -0.0769    0.0080   -0.0409
    0.0349    0.0006    0.1145   -0.0937   -0.0576    0.0384   -0.1307   -0.0818    0.0375   -0.0317   -0.0192    0.5525    0.0679   -0.0243    0.0584    0.0011   -0.0271    0.0424   -0.1068   -0.0052
    0.0148   -0.0503   -0.0198   -0.0028    0.0758    0.0113    0.1484   -0.0359   -0.0380    0.0037   -0.0642    0.0679    0.6003   -0.0784    0.0331    0.0597   -0.1993    0.0915   -0.0550    0.0206
    0.0369   -0.0892   -0.0107   -0.0025    0.0041    0.1210   -0.0441   -0.0644   -0.0441   -0.0206   -0.0425   -0.0243   -0.0784    0.5693    0.0227    0.0266   -0.1020   -0.0270   -0.0858    0.0521
    0.0560   -0.1179    0.0233   -0.0315   -0.1039    0.0397    0.0579    0.0085    0.0099    0.0969    0.0868    0.0584    0.0331    0.0227    0.4189    0.2231    0.0694   -0.0184    0.0217    0.0263
    0.0836   -0.0491   -0.0059    0.0642   -0.0225    0.1154    0.0936    0.1003    0.0498   -0.0446   -0.0645    0.0011    0.0597    0.0266    0.2231    0.4839    0.0264    0.0666    0.0456    0.0960
   -0.0456   -0.0348    0.0258    0.0642   -0.0749    0.0663    0.0602   -0.0477   -0.0149   -0.1018   -0.0583   -0.0271   -0.1993   -0.1020    0.0694    0.0264    0.5250   -0.0544    0.0362   -0.0205
   -0.1205   -0.0667   -0.0950    0.0345    0.0313   -0.0340   -0.0424   -0.0564    0.0673    0.0930   -0.0769    0.0424    0.0915   -0.0270   -0.0184    0.0666   -0.0544    0.3642    0.0663   -0.0556
    0.1462    0.0858   -0.0608    0.0200   -0.0798    0.0155   -0.1910    0.0288    0.0055   -0.0552    0.0080   -0.1068   -0.0550   -0.0858    0.0217    0.0456    0.0362    0.0663    0.4371   -0.0339
0.0351    0.0215   -0.0083   -0.1267    0.0328   -0.2140   -0.0303    0.0067    0.0154   -0.0268   -0.0409   -0.0052    0.0206    0.0521    0.0263    0.0960   -0.0205   -0.0556   -0.0339    0.5661];

b = [0.8147    0.9058    0.1270    0.9134    0.6324    0.0975    0.2785    0.5469    0.9575    0.9649    0.1576    0.9706    0.9572    0.4854    0.8003    0.1419    0.4218    0.9157    0.7922    0.9595]’;
c = 0;
x0 = [10.0000    12.0000    -2.0000    1.0000    7.0000    2.0000    1.0000    -10.0000    3.0000    -6.0000    5.0000    1.0000    8.0000    -15.0000    4.0000    0.0000    1.0000    -3.0000    20.0000    9.0000]'

Outputs:
 FindMinimizer
CGM:
x0 =    10.000000   12.000000   -2.000000    1.000000    7.000000    2.000000    1.000000  -10.000000    3.000000   -6.000000    5.000000    1.000000    8.000000  -15.000000    4.000000    0.000000    1.000000   -3.000000   20.000000    9.000000
x1 =     0.654040   -3.125868    0.863066    2.003428    6.682937    2.665972    2.113353   -3.278680   -2.773902   -1.983494    1.419840    2.414632    2.388262    0.206181    4.100985   -2.813062    0.230249   -0.234287    5.580890    4.400908
x2 =     0.219531   -0.190407    0.075989    4.243178    4.442463    0.845664    3.946096    0.552667    0.263201   -0.150177    0.848173    3.369414   -2.035210    0.901203    2.517604   -4.244723    0.716413    2.768939    5.002403    2.890588
x3 =     2.260292    2.674849   -0.430253    5.368886    0.221625   -0.039205    8.151280    7.065721    1.810393    1.724860   -0.198422    6.246666   -1.309455    2.864454    2.980771   -4.403031    0.009685    5.660007    4.338750    3.805294
x4 =     2.338669    5.033306   -0.958146    7.654814   -2.163411    1.475305    9.973750   14.071926    3.737581    1.972241    0.641045    7.711208    1.662457    5.972178    2.174238  -10.124296    2.571104    6.486239    5.640465    5.632692
x5 =     2.490261    5.222247    0.313646   10.487154   -4.036386    1.729437   11.005261   15.735323    5.490013    3.912141    0.744465    8.405538    3.342457    7.505222    3.342940  -12.986013    5.033814    7.454317    6.828034    7.390308
x6 =     1.381005    5.289496    0.834611   11.352062   -5.517869    3.914601   10.760918   16.403652    6.330244    5.217152    1.098377    8.148976    3.360542    7.620928    3.765786  -13.627225    4.150183    8.143864    7.706349    8.823012
x7 =     0.482541    5.426114    1.858880   12.623641   -7.654154    6.032778   10.910072   16.753643    6.431993    6.042530    0.236122    7.928570    3.219088    6.807295    3.205648  -14.768834    3.372326    7.995240    7.797676   10.568956
x8 =     0.603272    5.078524    1.560879   13.543162   -8.120819    6.896373   10.918349   17.032660    6.711620    6.695238    0.404169    7.964826    3.226084    6.088831    2.973526  -15.069730    3.078211    7.610719    7.272367   11.195197
x9 =     0.801504    5.006369    1.441782   13.669844   -8.208501    7.146171   10.713902   17.059213    6.802839    6.742525    0.254778    8.081991    3.124360    6.114346    2.923672  -15.050817    3.123509    7.560977    7.233581   11.343153
x10 =     0.937152    4.989021    1.363436   13.506892   -8.133175    7.341699   10.622072   17.030166    7.033140    6.959742   -0.014559    8.062193    3.193838    6.079789    2.826134  -15.149100    3.159852    7.630146    7.093385   11.419476
x11 =     1.192589    4.783796    1.241007   13.108339   -8.254053    7.640392   10.536317   17.136271    7.448384    7.204757   -0.402718    7.791830    3.200684    5.924701    2.846087  -15.270943    3.360680    7.593998    6.959632   11.403540
x12 =     1.409900    4.590905    1.299260   12.867973   -8.363046    7.722816   10.350423   17.238186    7.984661    7.275047   -0.696557    7.628931    3.270450    5.857516    2.870660  -15.411017    3.269035    7.451799    6.838508   11.341821
x13 =     1.415896    4.596796    1.301424   12.873101   -8.365608    7.754151   10.363578   17.229318    8.027713    7.261942   -0.716754    7.613548    3.281292    5.867955    2.879083  -15.404355    3.269479    7.437908    6.820418   11.318004
x14 =     1.417998    4.603489    1.302051   12.873665   -8.364529    7.753871   10.360862   17.230153    8.025897    7.264027   -0.717388    7.607906    3.279550    5.870658    2.884794  -15.405654    3.268523    7.434223    6.815913   11.319573
x15 =     1.415399    4.612381    1.297572   12.876433   -8.368373    7.752266   10.350063   17.230679    8.022460    7.262055   -0.720805    7.603370    3.283221    5.867911    2.897374  -15.408928    3.268697    7.437571    6.805978   11.317292
x16 =     1.418765    4.616937    1.301870   12.875324   -8.372976    7.753797   10.343622   17.229590    8.021080    7.260086   -0.715041    7.601156    3.284863    5.866997    2.898762  -15.409706    3.271150    7.442874    6.797296   11.315609
x17 =     1.424197    4.622041    1.307341   12.877358   -8.378759    7.753653   10.333286   17.230007    8.019749    7.254271   -0.707952    7.589698    3.289444    5.866777    2.897181  -15.406758    3.274951    7.455035    6.784135   11.317436
x18 =     1.424223    4.622035    1.307346   12.877373   -8.378752    7.753663   10.333286   17.230010    8.019730    7.254277   -0.707959    7.589686    3.289447    5.866774    2.897181  -15.406772    3.274934    7.455049    6.784150   11.317407
x19 =     1.424319    4.621978    1.307359   12.877382   -8.378661    7.753708   10.333373   17.229997    8.019722    7.254155   -0.707962    7.589680    3.289358    5.866730    2.897287  -15.406899    3.274867    7.455168    6.784144   11.317458
x20 =     1.424321    4.621976    1.307368   12.877384   -8.378650    7.753713   10.333375   17.230005    8.019722    7.254149   -0.707964    7.589683    3.289353    5.866722    2.897295  -15.406901    3.274867    7.455173    6.784144   11.317459

Find the minimizer!
x20 =     1.424321    4.621976    1.307368   12.877384   -8.378650    7.753713   10.333375   17.230005    8.019722    7.254149   -0.707964    7.589683    3.289353    5.866722    2.897295  -15.406901    3.274867    7.455173    6.784144   11.317459
error =     0.000000

NM:
x0 =    10.000000   12.000000   -2.000000    1.000000    7.000000    2.000000    1.000000  -10.000000    3.000000   -6.000000    5.000000    1.000000    8.000000  -15.000000    4.000000    0.000000    1.000000   -3.000000   20.000000    9.000000
x1 =     1.424321    4.621976    1.307368   12.877384   -8.378650    7.753713   10.333375   17.230005    8.019722    7.254149   -0.707964    7.589683    3.289353    5.866722    2.897295  -15.406901    3.274867    7.455173    6.784144   11.317459

Find the minimizer!
x1 =     1.424321    4.621976    1.307368   12.877384   -8.378650    7.753713   10.333375   17.230005    8.019722    7.254149   -0.707964    7.589683    3.289353    5.866722    2.897295  -15.406901    3.274867    7.455173    6.784144   11.317459
error =     0.000000

SD:
x0 =    10.000000   12.000000   -2.000000    1.000000    7.000000    2.000000    1.000000  -10.000000    3.000000   -6.000000    5.000000    1.000000    8.000000  -15.000000    4.000000    0.000000    1.000000   -3.000000   20.000000    9.000000
x1 =     0.654040   -3.125868    0.863066    2.003428    6.682937    2.665972    2.113353   -3.278680   -2.773902   -1.983494    1.419840    2.414632    2.388262    0.206181    4.100985   -2.813062    0.230249   -0.234287    5.580890    4.400908
x2 =     0.642056    0.336230   -0.013695    4.103070    4.552951    0.895533    3.818822    0.096782    0.381433   -0.402895    1.027536    3.267053   -1.601679    0.214256    2.581645   -4.061347    0.728664    2.519716    5.650313    3.154521
x3 =     1.443310   -0.094462    0.182088    3.828574    3.220715    1.207323    5.349458    2.304918   -0.330302    0.034905    0.531797    4.469387    0.325401    1.716389    3.482904   -3.695055    0.116393    2.953838    4.827878    4.034208
x4 =     1.131989    1.769412   -0.303565    5.244134    2.428388    1.094266    5.764416    4.565947    1.430616    0.358904    0.901777    4.675602   -0.579586    2.108089    2.442938   -6.032022    1.330909    3.780632    5.602785    3.926826
x5 =     1.760263    1.353072    0.140253    5.420752    1.343338    1.197947    6.861650    5.709988    1.148113    1.036705    0.507477    5.504854    0.823106    3.082301    3.396259   -5.782006    1.167604    4.200062    5.218700    4.741105
x6 =     1.309250    2.622717   -0.171241    6.495920    0.730322    1.499961    7.002251    7.405164    2.441720    1.295217    0.891056    5.550083    0.279574    3.425785    2.631649   -7.701065    2.000620    4.743857    5.907791    4.843419
x7 =     1.797830    2.306709    0.265990    6.735795   -0.192924    1.608455    7.848433    8.158708    2.244799    1.875604    0.520376    6.164483    1.348337    4.058850    3.369930   -7.534678    1.899685    5.040464    5.647393    5.560391
x8 =     1.360319    3.227984    0.028878    7.619198   -0.717083    2.046150    7.888143    9.460268    3.258187    2.137881    0.857273    6.151101    0.925131    4.270354    2.767987   -9.054215    2.450423    5.428264    6.185926    5.738557
x9 =     1.742840    2.970222    0.415256    7.853391   -1.496967    2.178391    8.541344    9.997839    3.100272    2.616900    0.516976    6.624788    1.751451    4.712027    3.336578   -8.933310    2.363409    5.638810    5.983391    6.357424
x10 =     1.351522    3.662412    0.227329    8.584958   -1.943041    2.650922    8.530262   11.005348    3.917802    2.875133    0.795120    6.581491    1.404504    4.821603    2.846640  -10.148224    2.734816    5.923763    6.400678    6.560705
x11 =     1.657414    3.441802    0.557475    8.793009   -2.600799    2.795822    9.038751   11.405328    3.788083    3.270181    0.490885    6.952537    2.053761    5.143142    3.294588  -10.053223    2.656524    6.074811    6.236058    7.088940
x12 =     1.318644    3.973111    0.406616    9.396669   -2.975728    3.255408    8.999768   12.192648    4.461768    3.513554    0.713636    6.893631    1.766666    5.186285    2.888857  -11.037009    2.912070    6.287685    6.560284    7.290723
x13 =     1.568636    3.780692    0.684608    9.573503   -3.530753    3.401880    9.399771   12.498774    4.355681    3.839990    0.445312    7.186753    2.283429    5.427149    3.249143  -10.958274    2.843552    6.396984    6.424333    7.738054
x14 =     1.280849    4.194759    0.562286   10.068867   -3.842714    3.825948    9.346206   13.120422    4.919534    4.063040    0.620377    7.120954    2.045951    5.429874    2.910012  -11.763221    3.022357    6.558360    6.676803    7.925204
x15 =     1.488852    4.026048    0.794558   10.215497   -4.311567    3.966732    9.663847   13.359729    4.833728    4.333001    0.385199    7.353838    2.461126    5.614256    3.204255  -11.695971    2.964628    6.637908    6.563756    8.301787
x16 =     1.247480    4.352483    0.694437   10.619912   -4.569193    4.346221    9.603937   13.855467    5.311008    4.534041    0.520945    7.286569    2.265352    5.593732    2.919346  -12.359871    3.091390    6.761950    6.760425    8.468853
x17 =     1.422918    4.204566    0.887641   10.739644   -4.965797    4.477307    9.858118   14.045667    5.242408    4.757239    0.315381    7.472353    2.601106    5.737343    3.162273  -12.301554    3.044527    6.819997    6.666138    8.784498
x18 =     1.222283    4.464244    0.805014   11.068394   -5.177346    4.810462    9.796922   14.444506    5.649685    4.936631    0.419498    7.406881    2.440414    5.704441    2.922208  -12.852500    3.135208    6.916584    6.819136    8.930212
x19 =     1.371739    4.334781    0.965293   11.165157   -5.513356    4.930038   10.001550   14.597676    5.595417    5.120999    0.240020    7.555530    2.713170    5.817886    3.124341  -12.801563    3.098531    6.958898    6.740408    9.193957
x20 =     1.206012    4.542847    0.896643   11.431468   -5.686281    5.218889    9.942072   14.920977    5.944950    5.280094    0.319095    7.493716    2.581882    5.779307    2.921667  -13.260981    3.163676    7.035010    6.859090    9.319194
x21 =     1.334259    4.429757    1.029402   11.509097   -5.971439    5.326497   10.107580   15.045622    5.902411    5.432190    0.162458    7.612899    2.804133    5.869963    3.090835  -13.216332    3.136074    7.065691    6.793356    9.539103
x22 =     1.197955    4.597451    0.972068   11.724215   -6.112241    5.574850   10.051506   15.309326    6.203589    5.572752    0.221933    7.555702    2.697370    5.829740    2.919471  -13.600908    3.182810    7.126327    6.885008    9.645727
x23 =     1.308576    4.498833    1.081936   11.786149   -6.354680    5.670819   10.185855   15.411609    6.170503    5.698031    0.085248    7.651390    2.878817    5.902877    3.061684  -13.561692    3.163004    7.148338    6.830166    9.828825
x24 =     1.196788    4.634650    1.033871   11.959506   -6.468915    5.883135   10.134039   15.627793    6.430727    5.821933    0.129521    7.599203    2.792416    5.863361    2.916603  -13.884633    3.196250    7.197130    6.900505    9.919058
x25 =     1.292560    4.548771    1.124753   12.008706   -6.675419    5.968210   10.243394   15.712292    6.405165    5.924938    0.010253    7.676085    2.940706    5.922829    3.036585  -13.850143    3.182957    7.212644    6.854815   10.071370
x26 =     1.201039    4.659226    1.084356   12.148130   -6.767775    6.149000   10.196173   15.890245    6.630420    6.034008    0.042828    7.628958    2.871139    5.885330    2.913604  -14.122041    3.206189    7.252268    6.908348   10.147450
x27 =     1.284169    4.584522    1.159514   12.187078   -6.944001    6.224117   10.285366   15.960436    6.610785    6.118526   -0.061234    7.690741    2.992370    5.933999    3.015126  -14.091676    3.198214    7.262900    6.870359   10.274082
x28 =     1.209310    4.674671    1.125511   12.299012   -7.018401    6.377631   10.242767   16.107400    6.806002    6.214471   -0.037597    7.648515    2.936676    5.899185    2.910757  -14.321108    3.213937    7.295354    6.910652   10.338103
x29 =     1.281595    4.609745    1.187656   12.329757   -7.169070    6.443787   10.315623   16.165972    6.791001    6.283657   -0.128377    7.698146    3.035753    5.939233    2.996868  -14.294354    3.210220    7.302316    6.879145   10.443350
x30 =     1.220386    4.683550    1.159020   12.419476   -7.228779    6.573878   10.277485   16.287667    6.960306    6.368031   -0.111523    7.660549    2.991455    5.907381    2.908197  -14.488320    3.220277    7.329111    6.909028   10.497184
x31 =     1.283311    4.627165    1.210395   12.443689   -7.357830    6.632048   10.337055   16.336731    6.948904    6.424513   -0.190697    7.700381    3.072350    5.940485    2.981384  -14.464735    3.219902    7.333324    6.882979   10.584640
x32 =     1.233259    4.687753    1.186286   12.515489   -7.405556    6.742128   10.303119   16.437719    7.095790    6.498712   -0.178952    7.667079    3.037391    5.911643    2.905976  -14.628987    3.225674    7.355613    6.904699   10.629920
x33 =     1.288070    4.638820    1.228744   12.534522   -7.516279    6.793229   10.351851   16.478956    7.087171    6.544680   -0.247980    7.698999    3.103339    5.939112    2.968279  -14.608195    3.227867    7.357778    6.883243   10.702581
x34 =     1.247131    4.688676    1.208468   12.591893   -7.554260    6.886273   10.321807   16.562908    7.214619    6.609940   -0.240054    7.669633    3.076009    5.913191    2.904096  -14.747479    3.230403    7.376452    6.898589   10.740704
x35 =     1.294884    4.646242    1.243540   12.606832   -7.649409    6.931143   10.361676   16.597670    7.208145    6.647219   -0.300209    7.695157    3.129658    5.936056    2.957203  -14.729156    3.234521    7.377107    6.880994   10.801063
x36 =     1.261383    4.687351    1.226516   12.652601   -7.679491    7.009722   10.335192   16.667563    7.318717    6.704632   -0.295116    7.669364    3.108545    5.912896    2.902536  -14.847411    3.234631    7.392855    6.891387   10.833213
x37 =     1.302983    4.650582    1.255468   12.664314   -7.761375    7.049113   10.367800   16.696944    7.313893    6.734741   -0.347509    7.689716    3.152067    5.931979    2.947849  -14.831276    3.240142    7.392416    6.877033   10.883342
x38 =     1.275557    4.684539    1.241208   12.700764   -7.785076    7.115432   10.344545   16.755205    7.409802    6.785265   -0.344495    7.667142    3.136001    5.911379    2.901263  -14.931780    3.238457    7.405779    6.883606   10.910512
x39 =     1.311784    4.652706    1.265085   12.709944   -7.855633    7.150013   10.371194   16.780098    7.406246    6.809472   -0.390099    7.683309    3.171189    5.927340    2.939952  -14.917590    3.244930    7.404565    6.871966   10.952133
x40 =     1.289323    4.680796    1.253173   12.738919   -7.874202    7.205956   10.350845   16.828715    7.489406    6.853944   -0.388595    7.663619    3.159202    5.909088    2.900240  -15.003081    3.241945    7.415969    6.875619   10.975152
x41 =     1.320852    4.653263    1.272843   12.746112   -7.935064    7.236317   10.372601   16.849854    7.486825    6.873303   -0.428260    7.676402    3.187536    5.922459    2.933286  -14.990623    3.249029    7.414226    6.866245   11.009696
x42 =     1.302454    4.676527    1.262926   12.769099   -7.949522    7.283489   10.354852   16.890462    7.558900    6.912456   -0.427835    7.659279    3.178829    5.906340    2.899430  -15.063396    3.245137    7.424008    6.867692   11.029250
x43 =     1.329873    4.652740    1.279107   12.774739   -8.002067    7.310146   10.372585   16.908451    7.557069    6.927847   -0.462307    7.669329    3.201534    5.917556    2.927659  -15.052482    3.252553    7.421924    6.860203   11.057909
x44 =     1.314803    4.672024    1.270882   12.792933   -8.013249    7.349911   10.357151   16.942398    7.619505    6.962321   -0.462641    7.654480    3.195447    5.903360    2.898797  -15.114463    3.248060    7.430352    6.860012   11.074568
x45 =     1.338627    4.651495    1.284170   12.797359   -8.058644    7.373318   10.371577   16.957736    7.618251    6.974474   -0.492573    7.662326    3.213538    5.912778    2.922910  -15.104925    3.255588    7.428072    6.854082   11.098331
x46 =     1.326287    4.667490    1.277377   12.811724   -8.067228    7.406832   10.358194   16.986139    7.672308    7.004827   -0.493427    7.649484    3.209528    5.900308    2.898311  -15.157738    3.250738    7.435363    6.852701   11.112565
x47 =     1.346966    4.649796    1.288270   12.815203   -8.106466    7.427384   10.369902   16.999240    7.671498    7.014351   -0.519392    7.655556    3.223849    5.908220    2.918900  -15.149427    3.258205    7.432994    6.848057   11.132258
x48 =     1.336867    4.663068    1.282686   12.826512   -8.113002    7.455628   10.358327   17.023022    7.718274    7.041071   -0.520588    7.644476    3.221464    5.897292    2.897942  -15.194444    3.253187    7.439321    6.845838   11.144455
x49 =     1.354798    4.647836    1.291595   12.829253   -8.146929    7.473672   10.367804   17.034231    7.717806    7.048469   -0.543091    7.649125    3.232715    5.903940    2.915515  -15.187223    3.260463    7.436946    6.842244   11.160764
x50 =     1.346541    4.658849    1.287028   12.838129   -8.151861    7.497476   10.357816   17.054159    7.758258    7.071984   -0.544499    7.639586    3.231588    5.894384    2.897668  -15.225603    3.255425    7.442451    6.839464   11.171245
x51 =     1.362070    4.645754    1.294299   12.840294   -8.181199    7.513313   10.365462   17.063764    7.758052    7.077673   -0.563982    7.643098    3.240350    5.899970    2.912656  -15.219349    3.262412    7.440127    6.836724   11.184744
x52 =     1.355328    4.654893    1.290583   12.847234   -8.184884    7.533378   10.356863   17.080476    7.793014    7.098358   -0.565506    7.634902    3.240178    5.891631    2.897467  -15.252077    3.257466    7.444928    6.833597   11.193773
x53 =     1.368762    4.643649    1.296502   12.848950   -8.210253    7.547274   10.363011   17.088716    7.793009    7.102681   -0.582359    7.637510    3.246931    5.896323    2.910243  -15.246679    3.264094    7.442697    6.831544   11.204938
x54 =     1.363266    4.651232    1.293497   12.854354   -8.212977    7.564191   10.355622   17.102743    7.823210    7.120866   -0.583930    7.630480    3.247468    5.889059    2.897325  -15.274590    3.259321    7.446890    6.828234   11.212735
x55 =     1.374875    4.641589    1.298303   12.855719   -8.234911    7.576379   10.360545   17.109821    7.823354    7.124105   -0.598494    7.632374    3.252611    5.892999    2.908206  -15.269945    3.265546    7.444781    6.826731   11.221965
x56 =     1.370403    4.647877    1.295887   12.859908   -8.236897    7.590648   10.354207   17.121603    7.849428    7.140082   -0.600063    7.626353    3.253659    5.886681    2.897226  -15.293751    3.261006    7.448446    6.823363   11.228711
x57 =     1.380425    4.639618    1.299780   12.860997   -8.255857    7.601332   10.358132   17.127690    7.849684    7.142467   -0.612637    7.627687    3.257517    5.889988    2.906487  -15.289768    3.266798    7.446477    6.822293   11.236337
x58 =     1.376795    4.644832    1.297850   12.864226   -8.257285    7.613374   10.352703   17.137595    7.872184    7.156493   -0.614170    7.622536    3.258916    5.884502    2.897161  -15.310073    3.262530    7.449683    6.818959   11.242184
x59 =     1.385437    4.637765    1.300994   12.865100   -8.273669    7.622732   10.355817   17.142833    7.872519    7.158211   -0.625016    7.623434    3.261758    5.887276    2.905036  -15.306667    3.267878    7.447862    6.818229   11.248483
x60 =     1.382498    4.642085    1.299464   12.867573   -8.274676    7.632901   10.351171   17.151167    7.891926    7.170513   -0.626489    7.619031    3.263383    5.882519    2.897120  -15.323988    3.263907    7.450667    6.814996   11.253558
x61 =     1.389943    4.636045    1.301997   12.868276   -8.288829    7.641093   10.353629   17.155679    7.892316    7.171715   -0.635838    7.619595    3.265428    5.884844    2.903813  -15.321085    3.268811    7.448999    6.814526   11.258758
x62 =     1.387570    4.639623    1.300792   12.870157   -8.289523    7.649686   10.349658   17.162698    7.909049    7.182495   -0.637235    7.615834    3.267180    5.880724    2.897096  -15.335861    3.265147    7.451454    6.811441   11.263167
x63 =     1.393980    4.634465    1.302827   12.870726   -8.301745    7.656852   10.351585   17.166586    7.909472    7.183301   -0.645288    7.616144    3.268605    5.882672    2.902781  -15.333393    3.269616    7.449936    6.811169   11.267460
x64 =     1.392070    4.637428    1.301887   12.872143   -8.302209    7.664120   10.348193   17.172503    7.923894    7.192739   -0.646598    7.612933    3.270409    5.879108    2.897086  -15.346000    3.266261    7.452084    6.808263   11.271295
x65 =     1.397585    4.633026    1.303517   12.872604   -8.312758    7.670383   10.349695   17.175855    7.924335    7.193246   -0.653531    7.613053    3.271358    5.880738    2.901911  -15.343906    3.270311    7.450713    6.808139   11.274838
x66 =     1.396053    4.635479    1.302790   12.873661   -8.313056    7.676535   10.346798   17.180848    7.936762    7.201500   -0.654750    7.610311    3.273156    5.877657    2.897084  -15.354664    3.267259    7.452591    6.805429   11.278175
x67 =     1.400794    4.631725    1.304092   12.874036   -8.322158    7.682005   10.347959   17.183739    7.937208    7.201785   -0.660714    7.610292    3.273744    5.879022    2.901178  -15.352892    3.270912    7.451358    6.805412   11.281100
x68 =     1.399570    4.633755    1.303536   12.874814   -8.322337    7.687217   10.345486   17.187957    7.947913    7.208997   -0.661840    7.607952    3.275495    5.876360    2.897087  -15.362073    3.268152    7.453001    6.802908   11.284004
x69 =     1.403644    4.630554    1.304574   12.875120   -8.330188    7.691991   10.346376   17.190451    7.948355    7.209118   -0.666970    7.607834    3.275812    5.877502    2.900561  -15.360577    3.271431    7.451898    6.802966   11.286420
x70 =     1.402670    4.632234    1.304154   12.875683   -8.330282    7.696411   10.344263   17.194017    7.957575    7.215414   -0.668003    7.605836    3.277488    5.875205    2.897095  -15.368414    3.268948    7.453333    6.800669   11.288948
x71 =     1.406170    4.629507    1.304979   12.875934   -8.337053    7.700574   10.344938   17.196169    7.958004    7.215418   -0.672413    7.605651    3.277606    5.876159    2.900041  -15.367153    3.271881    7.452352    6.800778   11.290943
x72 =     1.405398    4.630898    1.304666   12.876331   -8.337089    7.704326   10.343135   17.199187    7.965944    7.220909   -0.673356    7.603943    3.279186    5.874177    2.897105  -15.373844    3.269657    7.453605    6.798685   11.293143
x73 =     1.408404    4.628574    1.305320   12.876538   -8.342926    7.707953   10.343640   17.201044    7.966355    7.220832   -0.677146    7.603715    3.279162    5.874976    2.899604  -15.372782    3.272270    7.452734    6.798826   11.294792
x74 =     1.407795    4.629726    1.305092   12.876810   -8.342924    7.711142   10.342099   17.203600    7.973192    7.225616   -0.678002    7.602255    3.280636    5.873266    2.897116  -15.378497    3.270286    7.453829    6.796928   11.296708
x75 =     1.410377    4.627746    1.305609   12.876980   -8.347955    7.714299   10.342472   17.205203    7.973581    7.225484   -0.681259    7.602002    3.280512    5.873934    2.899236  -15.377604    3.272607    7.453059    6.797088   11.298071
x76 =     1.409899    4.628700    1.305446   12.877157   -8.347928    7.717012   10.341154   17.207371    7.979469    7.229650   -0.682033    7.600754    3.281873    5.872460    2.897127  -15.382486    3.270844    7.454014    6.795376   11.299738
x77 =     1.412116    4.627014    1.305854   12.877298   -8.352263    7.719759   10.341424   17.208755    7.979833    7.229484   -0.684832    7.600489    3.281684    5.873018    2.898926  -15.381735    3.272900    7.453335    6.795544   11.300867
x78 =     1.411743    4.627804    1.305741   12.877405   -8.352222    7.722068   10.340297   17.210595    7.984903    7.233108   -0.685528    7.599420    3.282931    5.871748    2.897139  -15.385908    3.271337    7.454168    6.794005   11.302316
x79 =     1.413646    4.626368    1.306062   12.877521   -8.355957    7.724457   10.340487   17.211789    7.985242    7.232923   -0.687933    7.599154    3.282700    5.872215    2.898666  -15.385278    3.273154    7.453571    6.794174   11.303251
x80 =     1.413357    4.627023    1.305988   12.877576   -8.355908    7.726425   10.339522   17.213353    7.989607    7.236074   -0.688558    7.598238    3.283835    5.871120    2.897150  -15.388845    3.271773    7.454297    6.792797   11.304512
x81 =     1.414992    4.625799    1.306240   12.877672   -8.359126    7.728501   10.339651   17.214384    7.989919    7.235881   -0.690623    7.597977    3.283582    5.871511    2.898447  -15.388316    3.273375    7.453774    6.792961   11.305287
x82 =     1.414769    4.626343    1.306195   12.877690   -8.359074    7.730180   10.338824   17.215713    7.993679    7.238618   -0.691182    7.597193    3.284610    5.870567    2.897161  -15.391367    3.272158    7.454406    6.791732   11.306383
x83 =     1.416173    4.625300    1.306392   12.877770   -8.361846    7.731983   10.338907   17.216603    7.993965    7.238424   -0.692957    7.596942    3.284348    5.870894    2.898263  -15.390922    3.273567    7.453948    6.791888   11.307026
x84 =     1.416004    4.625752    1.306369   12.877761   -8.361794    7.733416   10.338198   17.217734    7.997202    7.240801   -0.693455    7.596269    3.285273    5.870081    2.897171  -15.393533    3.272496    7.454500    6.790794   11.307978
x85 =     1.417210    4.624862    1.306522   12.877827   -8.364182    7.734981   10.338246   17.218502    7.997463    7.240613   -0.694980    7.596033    3.285012    5.870355    2.898108  -15.393160    3.273733    7.454099    6.790941   11.308513
x86 =     1.417082    4.625238    1.306515   12.877800   -8.364132    7.736205   10.337637   17.219465    8.000251    7.242675   -0.695423    7.595455    3.285841    5.869654    2.897181  -15.395394    3.272794    7.454579    6.789969   11.309339
x87 =     1.418118    4.624480    1.306634   12.877855   -8.366190    7.737564   10.337660   17.220128    8.000487    7.242495   -0.696733    7.595234    3.285588    5.869884    2.897978  -15.395081    3.273879    7.454230    6.790105   11.309785
x88 =     1.418023    4.624793    1.306638   12.877816   -8.366143    7.738610   10.337137   17.220950    8.002889    7.244284   -0.697125    7.594737    3.286329    5.869280    2.897191  -15.396994    3.273055    7.454648    6.789245   11.310502
x89 =     1.418913    4.624146    1.306730   12.877862   -8.367915    7.739788   10.337141   17.221522    8.003101    7.244115   -0.698252    7.594533    3.286088    5.869472    2.897868  -15.396731    3.274005    7.454344    6.789368   11.310873
x90 =     1.418843    4.624407    1.306742   12.877816   -8.367872    7.740684   10.336691   17.222223    8.005170    7.245666   -0.698599    7.594105    3.286747    5.868952    2.897199  -15.398370    3.273285    7.454708    6.788608   11.311495
x91 =     1.419609    4.623855    1.306814   12.877854   -8.369399    7.741705   10.336682   17.222716    8.005361    7.245509   -0.699567    7.593918    3.286522    5.869113    2.897776  -15.398148    3.274115    7.454444    6.788720   11.311805
x92 =     1.419558    4.624073    1.306831   12.877804   -8.369360    7.742472   10.336295   17.223315    8.007144    7.246853   -0.699873    7.593550    3.287107    5.868665    2.897207  -15.399554    3.273486    7.454760    6.788049   11.312345
x93 =     1.420217    4.623601    1.306886   12.877836   -8.370676    7.743357   10.336277   17.223741    8.007315    7.246709   -0.700705    7.593380    3.286898    5.868800    2.897699  -15.399367    3.274211    7.454531    6.788150   11.312603
x94 =     1.420182    4.623784    1.306906   12.877785   -8.370641    7.744014   10.335944   17.224252    8.008850    7.247873   -0.700975    7.593063    3.287416    5.868414    2.897215  -15.400572    3.273662    7.454806    6.787559   11.313071
x95 =     1.420748    4.623381    1.306948   12.877812   -8.371775    7.744781   10.335920   17.224620    8.009003    7.247742   -0.701691    7.592909    3.287225    5.868528    2.897634  -15.400414    3.274295    7.454607    6.787649   11.313287
x96 =     1.420724    4.623534    1.306970   12.877761   -8.371744    7.745344   10.335633   17.225056    8.010326    7.248749   -0.701928    7.592635    3.287682    5.868195    2.897222  -15.401448    3.273816    7.454847    6.787129   11.313693
x97 =     1.421211    4.623190    1.307002   12.877783   -8.372721    7.746008   10.335605   17.225374    8.010462    7.248631   -0.702543    7.592496    3.287508    5.868290    2.897580  -15.401315    3.274368    7.454674    6.787209   11.313874
x98 =     1.421197    4.623318    1.307024   12.877734   -8.372694    7.746491   10.335358   17.225747    8.011602    7.249503   -0.702751    7.592261    3.287911    5.868003    2.897228  -15.402202    3.273951    7.454882    6.786753   11.314226
x99 =     1.421616    4.623024    1.307049   12.877753   -8.373536    7.747066   10.335328   17.226022    8.011723    7.249396   -0.703280    7.592136    3.287754    5.868084    2.897534  -15.402090    3.274432    7.454732    6.786824   11.314377
x100 =     1.421608    4.623132    1.307071   12.877706   -8.373512    7.747480   10.335115   17.226341    8.012706    7.250151   -0.703463    7.591932    3.288108    5.867836    2.897234  -15.402851    3.274069    7.454914    6.786423   11.314682
x101 =     1.421969    4.622880    1.307089   12.877722   -8.374238    7.747978   10.335085   17.226578    8.012812    7.250055   -0.703918    7.591821    3.287967    5.867904    2.897495  -15.402757    3.274487    7.454784    6.786485   11.314809
x102 =     1.421965    4.622971    1.307111   12.877678   -8.374218    7.748334   10.334900   17.226851    8.013659    7.250708   -0.704078    7.591645    3.288278    5.867690    2.897240  -15.403410    3.274172    7.454942    6.786134   11.315073
x103 =     1.422276    4.622755    1.307125   12.877691   -8.374843    7.748765   10.334871   17.227056    8.013753    7.250623   -0.704469    7.591545    3.288151    5.867748    2.897463  -15.403331    3.274536    7.454830    6.786189   11.315180
x104 =     1.422276    4.622832    1.307146   12.877651   -8.374825    7.749071   10.334712   17.227290    8.014484    7.251187   -0.704609    7.591394    3.288425    5.867563    2.897245  -15.403892    3.274262    7.454967    6.785881   11.315408
x105 =     1.422544    4.622648    1.307155   12.877662   -8.375365    7.749444   10.334683   17.227466    8.014567    7.251111   -0.704946    7.591305    3.288311    5.867612    2.897436  -15.403824    3.274578    7.454870    6.785929   11.315498
x106 =     1.422546    4.622713    1.307175   12.877625   -8.375349    7.749706   10.334545   17.227667    8.015196    7.251599   -0.705068    7.591174    3.288551    5.867453    2.897250  -15.404307    3.274340    7.454989    6.785660   11.315696
x107 =     1.422777    4.622555    1.307182   12.877634   -8.375815    7.750029   10.334518   17.227819    8.015269    7.251532   -0.705358    7.591095    3.288450    5.867494    2.897413  -15.404250    3.274615    7.454905    6.785702   11.315772
x108 =     1.422781    4.622610    1.307201   12.877600   -8.375801    7.750254   10.334399   17.227992    8.015812    7.251954   -0.705464    7.590982    3.288660    5.867357    2.897254  -15.404664    3.274409    7.455009    6.785467   11.315943
x109 =     1.422980    4.622474    1.307206   12.877608   -8.376202    7.750534   10.334374   17.228123    8.015876    7.251894   -0.705714    7.590912    3.288571    5.867391    2.897394  -15.404616    3.274647    7.454937    6.785504   11.316007
x110 =     1.422985    4.622521    1.307223   12.877577   -8.376191    7.750728   10.334271   17.228271    8.016344    7.252259   -0.705806    7.590814    3.288754    5.867273    2.897258  -15.404972    3.274468    7.455027    6.785298   11.316155
x111 =     1.423156    4.622405    1.307226   12.877584   -8.376537    7.750969   10.334247   17.228384    8.016400    7.252206   -0.706021    7.590753    3.288675    5.867302    2.897378  -15.404931    3.274675    7.454964    6.785330   11.316209
x112 =     1.423162    4.622444    1.307242   12.877556   -8.376527    7.751136   10.334158   17.228511    8.016804    7.252522   -0.706102    7.590668    3.288835    5.867200    2.897261  -15.405238    3.274520    7.455043    6.785150   11.316337
x113 =     1.423310    4.622345    1.307244   12.877562   -8.376825    7.751345   10.334136   17.228609    8.016853    7.252475   -0.706287    7.590614    3.288766    5.867225    2.897364  -15.405203    3.274700    7.454989    6.785178   11.316383
x114 =     1.423316    4.622379    1.307258   12.877537   -8.376817    7.751488   10.334059   17.228718    8.017202    7.252748   -0.706357    7.590540    3.288905    5.867137    2.897265  -15.405466    3.274565    7.455057    6.785021   11.316494
x115 =     1.423443    4.622293    1.307260   12.877541   -8.377074    7.751669   10.334040   17.228802    8.017245    7.252707   -0.706517    7.590493    3.288844    5.867158    2.897353  -15.405437    3.274721    7.455010    6.785045   11.316532
x116 =     1.423449    4.622322    1.307272   12.877520   -8.377067    7.751792   10.333973   17.228896    8.017545    7.252942   -0.706577    7.590429    3.288966    5.867082    2.897268  -15.405664    3.274605    7.455070    6.784909   11.316628
x117 =     1.423559    4.622249    1.307273   12.877523   -8.377289    7.751949   10.333955   17.228968    8.017582    7.252906   -0.706715    7.590387    3.288912    5.867100    2.897344  -15.405638    3.274740    7.455030    6.784929   11.316661
x118 =     1.423565    4.622273    1.307285   12.877504   -8.377283    7.752055   10.333897   17.229049    8.017841    7.253109   -0.706767    7.590332    3.289018    5.867034    2.897270  -15.405834    3.274639    7.455081    6.784810   11.316744
x119 =     1.423660    4.622210    1.307285   12.877507   -8.377474    7.752190   10.333881   17.229112    8.017874    7.253078   -0.706886    7.590295    3.288971    5.867049    2.897336  -15.405812    3.274756    7.455046    6.784828   11.316772
x120 =     1.423666    4.622231    1.307295   12.877490   -8.377469    7.752282   10.333830   17.229181    8.018098    7.253254   -0.706931    7.590248    3.289063    5.866992    2.897273  -15.405980    3.274669    7.455091    6.784724   11.316843
x121 =     1.423748    4.622177    1.307296   12.877492   -8.377635    7.752398   10.333816   17.229235    8.018126    7.253226   -0.707034    7.590215    3.289022    5.867005    2.897329  -15.405962    3.274770    7.455061    6.784740   11.316867
x122 =     1.423753    4.622195    1.307305   12.877477   -8.377630    7.752477   10.333772   17.229294    8.018319    7.253378   -0.707073    7.590174    3.289102    5.866956    2.897275  -15.406107    3.274695    7.455100    6.784650   11.316929
x123 =     1.423824    4.622149    1.307305   12.877479   -8.377773    7.752578   10.333759   17.229341    8.018344    7.253353   -0.707161    7.590146    3.289066    5.866967    2.897323  -15.406091    3.274783    7.455075    6.784663   11.316949
x124 =     1.423829    4.622165    1.307313   12.877466   -8.377769    7.752646   10.333721   17.229392    8.018510    7.253485   -0.707195    7.590110    3.289136    5.866925    2.897277  -15.406216    3.274717    7.455108    6.784584   11.317002
x125 =     1.423890    4.622125    1.307313   12.877468   -8.377892    7.752733   10.333710   17.229433    8.018532    7.253463   -0.707271    7.590085    3.289105    5.866935    2.897319  -15.406202    3.274794    7.455086    6.784596   11.317019
x126 =     1.423894    4.622138    1.307320   12.877456   -8.377889    7.752792   10.333677   17.229477    8.018676    7.253577   -0.707301    7.590054    3.289165    5.866898    2.897279  -15.406310    3.274737    7.455116    6.784527   11.317065
x127 =     1.423947    4.622104    1.307320   12.877457   -8.377995    7.752867   10.333667   17.229512    8.018694    7.253558   -0.707366    7.590032    3.289138    5.866906    2.897315  -15.406298    3.274803    7.455097    6.784537   11.317080
x128 =     1.423951    4.622115    1.307326   12.877447   -8.377992    7.752917   10.333638   17.229549    8.018818    7.253656   -0.707392    7.590005    3.289191    5.866874    2.897281  -15.406391    3.274754    7.455122    6.784478   11.317120
x129 =     1.423997    4.622086    1.307326   12.877448   -8.378084    7.752983   10.333629   17.229579    8.018835    7.253640   -0.707448    7.589986    3.289167    5.866881    2.897311  -15.406381    3.274811    7.455106    6.784486   11.317132
x130 =     1.424001    4.622095    1.307331   12.877439   -8.378082    7.753026   10.333604   17.229612    8.018941    7.253724   -0.707471    7.589963    3.289213    5.866854    2.897282  -15.406461    3.274769    7.455128    6.784434   11.317167
x131 =     1.424040    4.622070    1.307331   12.877440   -8.378161    7.753082   10.333596   17.229638    8.018956    7.253710   -0.707519    7.589946    3.289192    5.866860    2.897309  -15.406452    3.274818    7.455114    6.784442   11.317177
x132 =     1.424044    4.622079    1.307336   12.877432   -8.378159    7.753120   10.333575   17.229666    8.019048    7.253783   -0.707538    7.589926    3.289231    5.866836    2.897283  -15.406521    3.274782    7.455133    6.784397   11.317207
x133 =     1.424077    4.622057    1.307336   12.877433   -8.378227    7.753168   10.333567   17.229688    8.019060    7.253771   -0.707580    7.589912    3.289213    5.866841    2.897306  -15.406514    3.274825    7.455121    6.784403   11.317216
x134 =     1.424081    4.622064    1.307340   12.877426   -8.378226    7.753201   10.333549   17.229713    8.019140    7.253834   -0.707597    7.589894    3.289248    5.866821    2.897285  -15.406573    3.274793    7.455138    6.784364   11.317242
x135 =     1.424110    4.622045    1.307340   12.877427   -8.378285    7.753243   10.333542   17.229732    8.019151    7.253823   -0.707633    7.589882    3.289232    5.866825    2.897304  -15.406567    3.274830    7.455127    6.784369   11.317250
x136 =     1.424113    4.622052    1.307344   12.877420   -8.378283    7.753271   10.333526   17.229753    8.019219    7.253877   -0.707647    7.589866    3.289262    5.866808    2.897286  -15.406618    3.274803    7.455142    6.784335   11.317272
x137 =     1.424138    4.622035    1.307343   12.877421   -8.378334    7.753307   10.333521   17.229769    8.019229    7.253868   -0.707678    7.589855    3.289248    5.866811    2.897303  -15.406612    3.274835    7.455133    6.784340   11.317278
x138 =     1.424141    4.622041    1.307347   12.877416   -8.378333    7.753331   10.333507   17.229787    8.019288    7.253915   -0.707691    7.589842    3.289274    5.866796    2.897287  -15.406657    3.274811    7.455145    6.784310   11.317298
x139 =     1.424162    4.622027    1.307347   12.877416   -8.378377    7.753362   10.333502   17.229802    8.019296    7.253907   -0.707718    7.589833    3.289262    5.866799    2.897301  -15.406652    3.274839    7.455138    6.784314   11.317303
x140 =     1.424165    4.622032    1.307350   12.877412   -8.378376    7.753383   10.333490   17.229817    8.019347    7.253947   -0.707728    7.589821    3.289285    5.866786    2.897288  -15.406690    3.274819    7.455149    6.784289   11.317320
x141 =     1.424184    4.622020    1.307349   12.877412   -8.378414    7.753410   10.333485   17.229830    8.019354    7.253940   -0.707751    7.589813    3.289274    5.866789    2.897300  -15.406686    3.274843    7.455142    6.784292   11.317325
x142 =     1.424186    4.622024    1.307352   12.877408   -8.378413    7.753428   10.333475   17.229843    8.019398    7.253975   -0.707761    7.589803    3.289294    5.866778    2.897288  -15.406719    3.274825    7.455151    6.784270   11.317339
x143 =     1.424202    4.622014    1.307352   12.877408   -8.378446    7.753451   10.333471   17.229854    8.019404    7.253969   -0.707781    7.589796    3.289285    5.866780    2.897299  -15.406715    3.274846    7.455146    6.784273   11.317343
x144 =     1.424204    4.622017    1.307354   12.877405   -8.378445    7.753467   10.333462   17.229865    8.019442    7.253999   -0.707789    7.589787    3.289302    5.866770    2.897289  -15.406744    3.274830    7.455154    6.784253   11.317356
x145 =     1.424218    4.622008    1.307354   12.877405   -8.378474    7.753487   10.333458   17.229874    8.019448    7.253994   -0.707806    7.589781    3.289294    5.866772    2.897298  -15.406741    3.274848    7.455149    6.784256   11.317359
x146 =     1.424220    4.622011    1.307356   12.877402   -8.378473    7.753500   10.333450   17.229884    8.019481    7.254020   -0.707813    7.589773    3.289309    5.866764    2.897290  -15.406765    3.274835    7.455156    6.784239   11.317370
x147 =     1.424232    4.622004    1.307356   12.877402   -8.378498    7.753518   10.333447   17.229892    8.019485    7.254015   -0.707828    7.589768    3.289302    5.866765    2.897298  -15.406763    3.274851    7.455152    6.784241   11.317373
x148 =     1.424233    4.622006    1.307357   12.877400   -8.378497    7.753529   10.333440   17.229901    8.019513    7.254038   -0.707834    7.589761    3.289315    5.866758    2.897290  -15.406784    3.274839    7.455158    6.784227   11.317382
x149 =     1.424244    4.622000    1.307357   12.877400   -8.378518    7.753545   10.333438   17.229908    8.019517    7.254033   -0.707846    7.589756    3.289309    5.866759    2.897297  -15.406782    3.274853    7.455155    6.784228   11.317385
x150 =     1.424245    4.622002    1.307359   12.877398   -8.378518    7.753554   10.333432   17.229915    8.019542    7.254053   -0.707852    7.589751    3.289320    5.866753    2.897291  -15.406800    3.274843    7.455160    6.784216   11.317393
x151 =     1.424254    4.621996    1.307359   12.877398   -8.378536    7.753567   10.333430   17.229921    8.019545    7.254049   -0.707863    7.589747    3.289315    5.866754    2.897297  -15.406798    3.274855    7.455157    6.784217   11.317395
x152 =     1.424255    4.621998    1.307360   12.877396   -8.378536    7.753576   10.333424   17.229927    8.019566    7.254066   -0.707867    7.589742    3.289324    5.866749    2.897291  -15.406814    3.274846    7.455162    6.784206   11.317402
x153 =     1.424263    4.621993    1.307360   12.877396   -8.378551    7.753587   10.333422   17.229932    8.019569    7.254063   -0.707877    7.589738    3.289320    5.866750    2.897296  -15.406812    3.274856    7.455159    6.784208   11.317404
x154 =     1.424264    4.621995    1.307361   12.877394   -8.378551    7.753595   10.333418   17.229938    8.019588    7.254078   -0.707880    7.589734    3.289328    5.866745    2.897292  -15.406825    3.274849    7.455163    6.784198   11.317410
x155 =     1.424271    4.621991    1.307361   12.877394   -8.378565    7.753604   10.333416   17.229942    8.019590    7.254075   -0.707889    7.589731    3.289324    5.866746    2.897296  -15.406824    3.274858    7.455161    6.784199   11.317411
x156 =     1.424272    4.621992    1.307362   12.877393   -8.378564    7.753611   10.333412   17.229947    8.019606    7.254087   -0.707892    7.589727    3.289332    5.866742    2.897292  -15.406836    3.274851    7.455164    6.784191   11.317417
x157 =     1.424277    4.621989    1.307362   12.877393   -8.378576    7.753619   10.333411   17.229951    8.019608    7.254085   -0.707899    7.589724    3.289328    5.866743    2.897296  -15.406835    3.274859    7.455162    6.784192   11.317418
x158 =     1.424278    4.621990    1.307363   12.877392   -8.378576    7.753625   10.333407   17.229955    8.019622    7.254096   -0.707902    7.589721    3.289335    5.866739    2.897292  -15.406845    3.274853    7.455165    6.784185   11.317422
x159 =     1.424283    4.621987    1.307363   12.877392   -8.378586    7.753632   10.333406   17.229958    8.019624    7.254094   -0.707908    7.589719    3.289332    5.866740    2.897296  -15.406844    3.274860    7.455164    6.784186   11.317424
x160 =     1.424284    4.621988    1.307363   12.877391   -8.378586    7.753637   10.333403   17.229962    8.019635    7.254103   -0.707910    7.589716    3.289337    5.866737    2.897292  -15.406852    3.274855    7.455166    6.784179   11.317427
x161 =     1.424288    4.621985    1.307363   12.877391   -8.378595    7.753643   10.333402   17.229964    8.019637    7.254101   -0.707916    7.589714    3.289335    5.866738    2.897295  -15.406851    3.274861    7.455165    6.784180   11.317428
x162 =     1.424289    4.621986    1.307364   12.877390   -8.378595    7.753647   10.333399   17.229967    8.019647    7.254110   -0.707918    7.589712    3.289339    5.866735    2.897293  -15.406859    3.274857    7.455167    6.784175   11.317432
x163 =     1.424293    4.621984    1.307364   12.877390   -8.378602    7.753652   10.333398   17.229970    8.019649    7.254108   -0.707922    7.589710    3.289337    5.866735    2.897295  -15.406858    3.274862    7.455166    6.784175   11.317433
x164 =     1.424293    4.621985    1.307365   12.877389   -8.378602    7.753656   10.333396   17.229973    8.019657    7.254115   -0.707924    7.589708    3.289341    5.866733    2.897293  -15.406865    3.274858    7.455168    6.784171   11.317436
x165 =     1.424297    4.621983    1.307365   12.877389   -8.378609    7.753661   10.333395   17.229975    8.019659    7.254114   -0.707928    7.589706    3.289339    5.866734    2.897295  -15.406864    3.274862    7.455167    6.784171   11.317436
x166 =     1.424297    4.621984    1.307365   12.877388   -8.378608    7.753664   10.333393   17.229977    8.019666    7.254120   -0.707930    7.589704    3.289343    5.866732    2.897293  -15.406870    3.274859    7.455169    6.784167   11.317439
x167 =     1.424300    4.621982    1.307365   12.877388   -8.378614    7.753668   10.333392   17.229979    8.019667    7.254119   -0.707933    7.589703    3.289341    5.866732    2.897295  -15.406869    3.274863    7.455168    6.784168   11.317439
x168 =     1.424300    4.621983    1.307365   12.877388   -8.378614    7.753670   10.333391   17.229981    8.019674    7.254124   -0.707934    7.589701    3.289344    5.866730    2.897293  -15.406874    3.274860    7.455169    6.784164   11.317442
x169 =     1.424303    4.621981    1.307365   12.877388   -8.378619    7.753674   10.333390   17.229982    8.019675    7.254123   -0.707937    7.589700    3.289343    5.866731    2.897295  -15.406873    3.274863    7.455168    6.784164   11.317442
x170 =     1.424303    4.621982    1.307366   12.877387   -8.378619    7.753676   10.333389   17.229984    8.019680    7.254127   -0.707939    7.589699    3.289345    5.866729    2.897293  -15.406878    3.274861    7.455170    6.784161   11.317444
x171 =     1.424305    4.621980    1.307366   12.877387   -8.378623    7.753679   10.333388   17.229985    8.019681    7.254126   -0.707941    7.589698    3.289344    5.866729    2.897295  -15.406877    3.274864    7.455169    6.784162   11.317444
x172 =     1.424305    4.621981    1.307366   12.877387   -8.378623    7.753681   10.333387   17.229987    8.019686    7.254130   -0.707942    7.589697    3.289346    5.866728    2.897294  -15.406881    3.274862    7.455170    6.784159   11.317446
x173 =     1.424307    4.621980    1.307366   12.877387   -8.378627    7.753684   10.333386   17.229988    8.019687    7.254129   -0.707944    7.589696    3.289345    5.866728    2.897295  -15.406880    3.274864    7.455170    6.784159   11.317447
x174 =     1.424308    4.621980    1.307366   12.877386   -8.378627    7.753685   10.333385   17.229989    8.019691    7.254133   -0.707945    7.589695    3.289347    5.866727    2.897294  -15.406883    3.274862    7.455171    6.784157   11.317448
x175 =     1.424309    4.621979    1.307366   12.877386   -8.378630    7.753688   10.333385   17.229990    8.019692    7.254132   -0.707947    7.589694    3.289346    5.866728    2.897295  -15.406883    3.274865    7.455170    6.784157   11.317448
x176 =     1.424309    4.621980    1.307367   12.877386   -8.378630    7.753689   10.333384   17.229991    8.019695    7.254135   -0.707948    7.589693    3.289348    5.866727    2.897294  -15.406886    3.274863    7.455171    6.784155   11.317449
x177 =     1.424311    4.621979    1.307367   12.877386   -8.378632    7.753691   10.333383   17.229992    8.019696    7.254134   -0.707949    7.589693    3.289347    5.866727    2.897295  -15.406886    3.274865    7.455170    6.784156   11.317450
x178 =     1.424311    4.621979    1.307367   12.877386   -8.378632    7.753692   10.333383   17.229993    8.019699    7.254137   -0.707950    7.589692    3.289349    5.866726    2.897294  -15.406888    3.274864    7.455171    6.784154   11.317451
x179 =     1.424312    4.621978    1.307367   12.877386   -8.378635    7.753694   10.333382   17.229994    8.019699    7.254136   -0.707951    7.589691    3.289348    5.866726    2.897295  -15.406888    3.274865    7.455171    6.784154   11.317451
x180 =     1.424312    4.621979    1.307367   12.877385   -8.378635    7.753695   10.333381   17.229995    8.019702    7.254139   -0.707952    7.589691    3.289349    5.866725    2.897294  -15.406890    3.274864    7.455171    6.784152   11.317452
x181 =     1.424313    4.621978    1.307367   12.877385   -8.378637    7.753697   10.333381   17.229995    8.019702    7.254138   -0.707953    7.589690    3.289349    5.866726    2.897295  -15.406889    3.274865    7.455171    6.784153   11.317452
x182 =     1.424314    4.621978    1.307367   12.877385   -8.378637    7.753698   10.333381   17.229996    8.019705    7.254140   -0.707954    7.589690    3.289350    5.866725    2.897294  -15.406891    3.274864    7.455172    6.784151   11.317453
x183 =     1.424314    4.621978    1.307367   12.877385   -8.378639    7.753699   10.333380   17.229997    8.019705    7.254140   -0.707955    7.589689    3.289349    5.866725    2.897295  -15.406891    3.274865    7.455171    6.784151   11.317453
x184 =     1.424315    4.621978    1.307367   12.877385   -8.378639    7.753700   10.333380   17.229997    8.019707    7.254141   -0.707955    7.589689    3.289350    5.866724    2.897294  -15.406892    3.274865    7.455172    6.784150   11.317454
x185 =     1.424315    4.621978    1.307367   12.877385   -8.378640    7.753701   10.333380   17.229998    8.019707    7.254141   -0.707956    7.589688    3.289350    5.866725    2.897295  -15.406892    3.274866    7.455172    6.784150   11.317454
x186 =     1.424315    4.621978    1.307367   12.877385   -8.378640    7.753701   10.333379   17.229998    8.019709    7.254142   -0.707956    7.589688    3.289351    5.866724    2.897294  -15.406894    3.274865    7.455172    6.784149   11.317455
x187 =     1.424316    4.621977    1.307367   12.877385   -8.378641    7.753702   10.333379   17.229999    8.019709    7.254142   -0.707957    7.589687    3.289350    5.866724    2.897295  -15.406893    3.274866    7.455172    6.784150   11.317455
x188 =     1.424316    4.621978    1.307368   12.877385   -8.378641    7.753703   10.333378   17.229999    8.019711    7.254143   -0.707957    7.589687    3.289351    5.866724    2.897294  -15.406895    3.274865    7.455172    6.784149   11.317455
x189 =     1.424317    4.621977    1.307368   12.877385   -8.378642    7.753704   10.333378   17.229999    8.019711    7.254143   -0.707958    7.589687    3.289351    5.866724    2.897295  -15.406894    3.274866    7.455172    6.784149   11.317455
x190 =     1.424317    4.621977    1.307368   12.877384   -8.378642    7.753704   10.333378   17.230000    8.019712    7.254144   -0.707958    7.589686    3.289351    5.866724    2.897294  -15.406895    3.274865    7.455172    6.784148   11.317456
x191 =     1.424317    4.621977    1.307368   12.877384   -8.378643    7.753705   10.333378   17.230000    8.019713    7.254144   -0.707959    7.589686    3.289351    5.866724    2.897295  -15.406895    3.274866    7.455172    6.784148   11.317456
x192 =     1.424317    4.621977    1.307368   12.877384   -8.378643    7.753705   10.333378   17.230000    8.019714    7.254145   -0.707959    7.589686    3.289352    5.866723    2.897294  -15.406896    3.274866    7.455173    6.784147   11.317456
x193 =     1.424318    4.621977    1.307368   12.877384   -8.378644    7.753706   10.333377   17.230001    8.019714    7.254144   -0.707960    7.589686    3.289351    5.866723    2.897295  -15.406896    3.274866    7.455172    6.784148   11.317456
x194 =     1.424318    4.621977    1.307368   12.877384   -8.378644    7.753706   10.333377   17.230001    8.019715    7.254145   -0.707960    7.589685    3.289352    5.866723    2.897294  -15.406897    3.274866    7.455173    6.784147   11.317457
x195 =     1.424318    4.621977    1.307368   12.877384   -8.378645    7.753707   10.333377   17.230001    8.019715    7.254145   -0.707960    7.589685    3.289352    5.866723    2.897295  -15.406897    3.274866    7.455173    6.784147   11.317457
x196 =     1.424318    4.621977    1.307368   12.877384   -8.378645    7.753707   10.333377   17.230001    8.019716    7.254146   -0.707961    7.589685    3.289352    5.866723    2.897294  -15.406897    3.274866    7.455173    6.784147   11.317457
x197 =     1.424319    4.621977    1.307368   12.877384   -8.378646    7.753708   10.333377   17.230002    8.019716    7.254146   -0.707961    7.589685    3.289352    5.866723    2.897295  -15.406897    3.274866    7.455173    6.784147   11.317457
x198 =     1.424319    4.621977    1.307368   12.877384   -8.378646    7.753708   10.333376   17.230002    8.019717    7.254146   -0.707961    7.589685    3.289352    5.866723    2.897294  -15.406898    3.274866    7.455173    6.784146   11.317457
x199 =     1.424319    4.621977    1.307368   12.877384   -8.378646    7.753708   10.333376   17.230002    8.019717    7.254146   -0.707961    7.589685    3.289352    5.866723    2.897295  -15.406898    3.274866    7.455173    6.784146   11.317457
x200 =     1.424319    4.621977    1.307368   12.877384   -8.378646    7.753709   10.333376   17.230002    8.019717    7.254147   -0.707961    7.589684    3.289352    5.866723    2.897294  -15.406898    3.274866    7.455173    6.784146   11.317458
x201 =     1.424319    4.621977    1.307368   12.877384   -8.378647    7.753709   10.333376   17.230002    8.019717    7.254146   -0.707962    7.589684    3.289352    5.866723    2.897295  -15.406898    3.274866    7.455173    6.784146   11.317458
x202 =     1.424319    4.621977    1.307368   12.877384   -8.378647    7.753709   10.333376   17.230003    8.019718    7.254147   -0.707962    7.589684    3.289352    5.866723    2.897294  -15.406899    3.274866    7.455173    6.784146   11.317458
x203 =     1.424319    4.621977    1.307368   12.877384   -8.378647    7.753710   10.333376   17.230003    8.019718    7.254147   -0.707962    7.589684    3.289352    5.866723    2.897295  -15.406899    3.274866    7.455173    6.784146   11.317458
x204 =     1.424320    4.621977    1.307368   12.877384   -8.378647    7.753710   10.333376   17.230003    8.019719    7.254147   -0.707962    7.589684    3.289353    5.866722    2.897294  -15.406899    3.274866    7.455173    6.784145   11.317458
x205 =     1.424320    4.621976    1.307368   12.877384   -8.378647    7.753710   10.333376   17.230003    8.019719    7.254147   -0.707962    7.589684    3.289352    5.866722    2.897295  -15.406899    3.274866    7.455173    6.784145   11.317458
x206 =     1.424320    4.621977    1.307368   12.877384   -8.378647    7.753710   10.333376   17.230003    8.019719    7.254147   -0.707962    7.589684    3.289353    5.866722    2.897294  -15.406899    3.274866    7.455173    6.784145   11.317458
x207 =     1.424320    4.621976    1.307368   12.877384   -8.378648    7.753710   10.333376   17.230003    8.019719    7.254147   -0.707963    7.589684    3.289353    5.866722    2.897295  -15.406899    3.274867    7.455173    6.784145   11.317458
x208 =     1.424320    4.621976    1.307368   12.877384   -8.378648    7.753710   10.333376   17.230003    8.019719    7.254148   -0.707963    7.589684    3.289353    5.866722    2.897294  -15.406899    3.274866    7.455173    6.784145   11.317458
x209 =     1.424320    4.621976    1.307368   12.877384   -8.378648    7.753711   10.333375   17.230003    8.019719    7.254148   -0.707963    7.589684    3.289353    5.866722    2.897295  -15.406899    3.274867    7.455173    6.784145   11.317458
x210 =     1.424320    4.621976    1.307368   12.877384   -8.378648    7.753711   10.333375   17.230003    8.019720    7.254148   -0.707963    7.589683    3.289353    5.866722    2.897294  -15.406900    3.274866    7.455173    6.784145   11.317458
x211 =     1.424320    4.621976    1.307368   12.877384   -8.378648    7.753711   10.333375   17.230004    8.019720    7.254148   -0.707963    7.589683    3.289353    5.866722    2.897295  -15.406900    3.274867    7.455173    6.784145   11.317458
x212 =     1.424320    4.621976    1.307368   12.877384   -8.378648    7.753711   10.333375   17.230004    8.019720    7.254148   -0.707963    7.589683    3.289353    5.866722    2.897294  -15.406900    3.274866    7.455173    6.784145   11.317459
x213 =     1.424320    4.621976    1.307368   12.877384   -8.378648    7.753711   10.333375   17.230004    8.019720    7.254148   -0.707963    7.589683    3.289353    5.866722    2.897295  -15.406900    3.274867    7.455173    6.784145   11.317459
x214 =     1.424320    4.621976    1.307368   12.877384   -8.378648    7.753711   10.333375   17.230004    8.019720    7.254148   -0.707963    7.589683    3.289353    5.866722    2.897294  -15.406900    3.274867    7.455173    6.784145   11.317459
x215 =     1.424320    4.621976    1.307368   12.877384   -8.378649    7.753711   10.333375   17.230004    8.019720    7.254148   -0.707963    7.589683    3.289353    5.866722    2.897295  -15.406900    3.274867    7.455173    6.784145   11.317459
x216 =     1.424320    4.621976    1.307368   12.877384   -8.378649    7.753711   10.333375   17.230004    8.019721    7.254148   -0.707963    7.589683    3.289353    5.866722    2.897294  -15.406900    3.274867    7.455173    6.784144   11.317459
x217 =     1.424320    4.621976    1.307368   12.877384   -8.378649    7.753712   10.333375   17.230004    8.019721    7.254148   -0.707964    7.589683    3.289353    5.866722    2.897295  -15.406900    3.274867    7.455173    6.784144   11.317459
x218 =     1.424321    4.621976    1.307368   12.877384   -8.378649    7.753712   10.333375   17.230004    8.019721    7.254148   -0.707964    7.589683    3.289353    5.866722    2.897295  -15.406900    3.274867    7.455173    6.784144   11.317459
x219 =     1.424321    4.621976    1.307368   12.877384   -8.378649    7.753712   10.333375   17.230004    8.019721    7.254148   -0.707964    7.589683    3.289353    5.866722    2.897295  -15.406900    3.274867    7.455173    6.784144   11.317459
x220 =     1.424321    4.621976    1.307368   12.877384   -8.378649    7.753712   10.333375   17.230004    8.019721    7.254148   -0.707964    7.589683    3.289353    5.866722    2.897295  -15.406900    3.274867    7.455173    6.784144   11.317459
x221 =     1.424321    4.621976    1.307368   12.877384   -8.378649    7.753712   10.333375   17.230004    8.019721    7.254148   -0.707964    7.589683    3.289353    5.866722    2.897295  -15.406900    3.274867    7.455173    6.784144   11.317459
x222 =     1.424321    4.621976    1.307368   12.877384   -8.378649    7.753712   10.333375   17.230004    8.019721    7.254148   -0.707964    7.589683    3.289353    5.866722    2.897295  -15.406900    3.274867    7.455173    6.784144   11.317459
x223 =     1.424321    4.621976    1.307368   12.877384   -8.378649    7.753712   10.333375   17.230004    8.019721    7.254148   -0.707964    7.589683    3.289353    5.866722    2.897295  -15.406900    3.274867    7.455173    6.784144   11.317459
x224 =     1.424321    4.621976    1.307368   12.877384   -8.378649    7.753712   10.333375   17.230004    8.019721    7.254149   -0.707964    7.589683    3.289353    5.866722    2.897295  -15.406900    3.274867    7.455173    6.784144   11.317459
x225 =     1.424321    4.621976    1.307368   12.877384   -8.378649    7.753712   10.333375   17.230004    8.019721    7.254149   -0.707964    7.589683    3.289353    5.866722    2.897295  -15.406900    3.274867    7.455173    6.784144   11.317459
x226 =     1.424321    4.621976    1.307368   12.877384   -8.378649    7.753712   10.333375   17.230004    8.019721    7.254149   -0.707964    7.589683    3.289353    5.866722    2.897295  -15.406900    3.274867    7.455173    6.784144   11.317459
x227 =     1.424321    4.621976    1.307368   12.877384   -8.378649    7.753712   10.333375   17.230004    8.019721    7.254149   -0.707964    7.589683    3.289353    5.866722    2.897295  -15.406900    3.274867    7.455173    6.784144   11.317459
x228 =     1.424321    4.621976    1.307368   12.877384   -8.378649    7.753712   10.333375   17.230004    8.019721    7.254149   -0.707964    7.589683    3.289353    5.866722    2.897295  -15.406900    3.274867    7.455173    6.784144   11.317459
x229 =     1.424321    4.621976    1.307368   12.877384   -8.378649    7.753712   10.333375   17.230004    8.019721    7.254149   -0.707964    7.589683    3.289353    5.866722    2.897295  -15.406900    3.274867    7.455173    6.784144   11.317459
x230 =     1.424321    4.621976    1.307368   12.877384   -8.378649    7.753712   10.333375   17.230004    8.019721    7.254149   -0.707964    7.589683    3.289353    5.866722    2.897295  -15.406900    3.274867    7.455173    6.784144   11.317459

Find the minimizer!
x230 =     1.424321    4.621976    1.307368   12.877384   -8.378649    7.753712   10.333375   17.230004    8.019721    7.254149   -0.707964    7.589683    3.289353    5.866722    2.897295  -15.406900    3.274867    7.455173    6.784144   11.317459
error =     0.000000 
